[0.3707935198666776, 0.008883593856594273, 0.0024748219895341594, 0.006661628198810248, 0.24900154599043048, 0.013195887497057128, 0.0860721567468587, 0.0664085726679703, 0.08282948620354032, 0.015083564526069428]
[0.3015615471314037, 0.06800519282635104, 0.002658474672721159, 0.010151033440047849, 0.33208904595624544, 0.030885532671674723, 0.20185615843236332, 0.11495513834085237, 0.14398889665963044, 0.014651906358517496]
[0.4600138128063497, 0.08461954014841427, 0.05763652456532816, 0.01938070436761647, 0.42414914599169395, 0.03635682967592602, 0.2684047871226338, 0.13835065400743723, 0.18108347101971717, 0.02187775092324426]
[0.46514115951091717, 0.24954916166731925, 0.06444662791349884, 0.015614831977418371, 0.4324437174624311, 0.042186308528232304, 0.07594326878298523, 0.0337342067421022, 0.1792818522727625, 0.03152018426079917]
[0.4361510319138374, 0.4082011933176692, 0.05080795811361165, 0.017232251166117922, 0.42464871845861546, 0.06384929760847582, 0.4910799663175379, 0.14279469768769862, 0.24054147363642173, 0.01643703950041441]
[0.3192313081342825, 0.2691437639385083, 0.03214544083218525, 0.0115707456945487, 0.3593293369738889, 0.05645868049635246, 0.3966617167543021, 0.16440417008687647, 0.26240779299430766, 0.01802671892874125]
[0.17538081133070765, 0.3814913880771423, 0.043485063519910994, 0.010150456694088263, 0.18003470315136696, 0.036348515847864915, 0.3905157791242768, 0.15810636296364647, 0.3318270032336101, 0.01783982344311191]
[0.30653599921226177, 0.43777818902690474, 0.006397716041460844, 0.013676352430577373, 0.7002545704504346, 0.06568518296309575, 0.3616772288594314, 0.1410232364736267, 0.32359483171025144, 0.017575614219744677]
[0.2544638262210439, 0.3328875527747078, 0.005753900746067696, 0.012832727980990223, 0.4980792898965115, 0.02441606261990383, 0.3939787240918658, 0.23618875714516607, 0.14785323374592096, 0.010240520605332044]
[0.31908265394252033, 0.46079905790448056, 0.00766992613814162, 0.01390224854414221, 0.8232371065123569, 0.06942820507145135, 0.4036522611060326, 0.5450774879601299, 0.024163430102983774, 0.021145471794224577]
[0.31822967877199027, 0.42124738614645824, 0.007317619873060009, 0.01379076707833279, 0.83584753988435, 0.12297373048782237, 0.4120748304902213, 0.49627402389337466, 0.0008200070619038669, 0.015548916200138707]
[0.3116432041486306, 0.4272308322692898, 0.006835745538669681, 0.013536243025530545, 0.8529131203413517, 0.08443283051288424, 0.33290555812673056, 0.44378628283810617, 0.012174010017763411, 0.018638494355446643]
[0.3082299095533029, 0.46766194679851275, 0.007321130073853215, 0.013816567120993875, 0.8362579143545698, 0.11016087748389532, 0.3494945339096606, 0.5072930700799924, 0.006130913267739288, 0.022528092282429288]
[0.29663965993721914, 0.4069560909960593, 0.0074266547677165045, 0.013993141177949187, 0.8318762188453726, 0.03668491077404949, 0.41965587248845876, 0.46306514987824043, 0.03854459828416236, 0.018050056590422307]
[0.2700505995167713, 0.4540582002162872, 0.00689054784147179, 0.014033594277894664, 0.83927607797169, 0.006718162234241323, 0.3622006903965273, 0.4691894816807321, 0.05116252697403968, 0.024494178742648882]
[0.3087882796958418, 0.372084802074489, 0.006329006748617168, 0.013092463177018022, 0.840952369822997, 0.006054000105671805, 0.548475431887368, 0.4892432384992255, 0.047508532145198075, 0.17816959767890161]
[0.2488345406034964, 0.38314781052300195, 0.006031254216019854, 0.012656285349797269, 0.8420155193131492, 0.021531782247990218, 0.5148599468359135, 0.3261944679243596, 0.06752320908576201, 0.12454564212364236]
[0.18894722116875567, 0.3465816068026276, 0.004816744419104002, 0.13904042579392484, 0.7356043106780409, 0.006519362775972152, 0.59439600432374, 0.19403002971458133, 0.043548420223977015, 0.09240293026006276]
[0.21373788766361707, 0.24082588700648497, 0.002819844319190557, 0.08147810318168379, 0.6645783861714155, 0.04062506216222153, 0.6730304517278882, 0.24385051993496695, 0.025835252352285017, 0.1079074274063493]
[0.22280050121583997, 0.1647487210372438, 0.003241165123095244, 0.07369368496412221, 0.3580534572688401, 0.23449389161787168, 0.696994670940254, 0.1459717894703819, 0.020101498298887858, 0.12355242979118439]
[0.32213525493407164, 0.25602109853278293, 0.005281153441639344, 0.11813334314915555, 0.9071756700356639, 0.29844784958162435, 0.642268158773417, 0.1654467735587678, 0.035262373438868864, 0.12796783341077497]
[0.3628554912960777, 0.36413398810720604, 0.007005470393391665, 0.21396201431837425, 0.899160659941793, 0.10552238059265101, 0.5600097930035194, 0.31899367352953545, 0.05073685800260961, 0.14566802437411608]
[0.23939838952442852, 0.3540902306580253, 0.0011173074098415352, 0.20741135912275374, 0.9140778200855265, 0.11756633037180729, 0.5246520666693322, 0.32748684947082557, 0.061696187879474965, 0.13728724368338308]
[0.05634008770582422, 0.3857053282635611, 0.006658820760399372, 0.2185490565903916, 0.883065218618787, 0.11625867212698053, 0.48103583513079085, 0.3287702681204401, 0.07017727802864662, 0.12763744748177316]
[0.03587100182585688, 0.39046277337086993, 0.004723752641385323, 0.2467422761536906, 0.8760514137680306, 0.17432309038706656, 0.5928709409347771, 0.6077867072170055, 0.0286110333170191, 0.0729592457332886]
[0.03369154964383542, 0.3758780005456394, 0.003891303135868088, 0.2406573154459963, 0.8686089148031317, 0.04894205897650742, 0.5027824465404614, 0.38855773991990533, 0.03126747064812707, 0.13683900257403567]
[0.03138805130003664, 0.30069049482909616, 0.005000532640859749, 0.21107364278288432, 0.7930257572769349, 0.01534355773274365, 0.4759682959246462, 0.3886218373135996, 0.10418526741758374, 0.24451998651726897]
[0.040131173886732874, 0.30047880316466735, 0.0048786910661795385, 0.2249941341793039, 0.7773204005113764, 0.004043963869249951, 0.4794114740617785, 0.4119529297452123, 0.19422066253200437, 0.1956921984902448]
[0.04392934480463906, 0.23395647981637097, 0.004295105479490646, 0.21275429863422873, 0.7903091700827559, 0.17079766182140607, 0.47539290678236973, 0.4632654097781624, 0.04752879553895579, 0.2018211892285963]
[0.02547786127897262, 0.2007484445396846, 0.0022974566438029704, 0.21074287876686143, 0.6129246696954727, 0.05729846844746811, 0.7041338627659078, 0.47383299244811145, 0.17619721127648047, 0.27839896749938214]
[0.026603344032350394, 0.27954006226273564, 0.002535292839474924, 0.09401552286669201, 0.5431280844421846, 0.0026178679621681176, 0.7045356024385675, 0.5348986829337893, 0.19926831856996316, 0.31027511146261716]
[0.015174228159543439, 0.21291168897804577, 0.0024358541305711337, 0.23836307512301286, 0.6242545591494376, 0.06380120687320137, 0.7275496057601064, 0.21611376795040435, 0.34198764966390716, 0.32711501480623373]
[0.01847830640092962, 0.20332636607725563, 0.002500542167873893, 0.1753943380980241, 0.624172295084436, 0.10383079711184402, 0.7141536743900413, 0.318131382905433, 0.24763971481825614, 0.3321347296897786]
[0.018520162351803076, 0.2218190597885953, 0.0022680479106557626, 0.24295061303300264, 0.6419024453324877, 0.2014376181603359, 0.6812607686745965, 0.22449849434414323, 0.09646427062247803, 0.27288686198974577]
[0.0169403467016311, 0.30691216506397634, 0.01890133716378742, 0.25196119298028713, 0.5826709407706696, 0.1853720146148831, 0.6159424386405212, 0.23732813297255015, 0.13499593017878309, 0.17730797427044095]
[0.012682378087062142, 0.30311980647106274, 0.020520019290928972, 0.23674032088171537, 0.5718874497844322, 0.04165917960556371, 0.6607081843532391, 0.1266209566857467, 0.2885093482200277, 0.18978258721596064]
[0.017240770665835244, 0.3110253139845256, 0.019181365335597805, 0.22299062958330246, 0.5772396721388448, 0.06637589230035527, 0.6575826290242512, 0.3661655700363704, 0.32142616652684125, 0.1747733666969902]
[0.014749144001559262, 0.1775652924304865, 0.018656478276472134, 0.14811722094826824, 0.5779467343151937, 0.12687638910662055, 0.702658599358518, 0.3552059162208568, 0.31585206439068414, 0.19262498401828662]
[0.01943885596135541, 0.3075244411660597, 0.019482359228888625, 0.2519558690654323, 0.5821191311085306, 0.13686395813716087, 0.6064257979929515, 0.3452281809683358, 0.300665220371242, 0.2072884733462256]
[0.024599326770683147, 0.29139169978967405, 0.01732563422087936, 0.25103635480970676, 0.5819523048212936, 0.17900322086260534, 0.6289608464908741, 0.45338978899233856, 0.11104737225661693, 0.1634927756978624]
[0.010800960538953111, 0.25295122231157463, 0.01550079102099721, 0.22167101152453753, 0.5585617127540632, 0.011242948466757472, 0.6842807245047446, 0.43818756844696904, 0.12200611594558941, 0.22781157946902017]
[0.014873097704440898, 0.22704429277462654, 0.013034425000036626, 0.21705255452437516, 0.5588505970429338, 0.029951730401105613, 0.6834874569902273, 0.44556857571870234, 0.0857893637605244, 0.22785372934908193]
[0.017853589854236587, 0.218182025428196, 0.015111982707143125, 0.12852457728167874, 0.5039560125669271, 0.23170856641070525, 0.6775314347650075, 0.4851339598285298, 0.44058667327524514, 0.24535438551693625]
[0.016592394866299404, 0.22794595305267507, 0.015120129715935989, 0.1755090126142929, 0.49010745787400894, 0.46128360818442, 0.6798253338688953, 0.4934664009134783, 0.4486496450658959, 0.24139159689087217]
[0.014801339658855961, 0.202593261012906, 0.010930430399231616, 0.06764172811148789, 0.44368726277796505, 0.4462647190348618, 0.7010179233645256, 0.5262124645761898, 0.22705392958954496, 0.2892558196219352]
[0.016030971027026848, 0.2437863582954407, 0.014579701254752714, 0.4225311222756547, 0.49621704884297224, 0.5450635595546833, 0.6797061544738521, 0.4891097162346744, 0.276660592032126, 0.2747635408812924]
[0.02287326251924291, 0.15834297120923113, 0.009834113702988015, 0.48458221333195994, 0.46807772099308603, 0.6403755601026501, 0.6358860513993928, 0.39403305870222943, 0.19990486113525707, 0.33056721842817116]
[0.022201871725889128, 0.246410413507207, 0.009855183158950825, 0.6345223986577598, 0.5468398691300743, 0.6131244367857616, 0.6530192908535506, 0.4941251800137739, 0.4538684914530676, 0.32203296058667197]
[0.023175566374226672, 0.2854981485875433, 0.017038884003200534, 0.6269237950394884, 0.5589357011331016, 0.6239161326529038, 0.6351801823596528, 0.6241770184561858, 0.19425571131281671, 0.3119944014544276]
[0.021951192630070098, 0.28458018902082094, 0.014786756087139365, 0.6570579230958772, 0.5474410233846072, 0.5094447209782834, 0.6560736956812832, 0.708457137149706, 0.2609648963009702, 0.3141421610514607]
[0.02273771164186998, 0.25949651250040434, 0.013151234408901688, 0.6073678231332693, 0.5301493770476572, 0.40034367945326055, 0.662684574257281, 0.6799870157246317, 0.2124602508505643, 0.31890874594688196]
[0.025025166974116612, 0.2926813832508613, 0.0181806953597762, 0.5241559506437794, 0.5408394763385168, 0.5860991447610987, 0.6404931056181747, 0.8368270449021333, 0.5787813308352832, 0.3052175952169479]
[0.022586964898288226, 0.37084305510431287, 0.023858245346072803, 0.5235059327981332, 0.5633592735986834, 0.5466525646754906, 0.6747628244433761, 0.8261548746167555, 0.5484091860176582, 0.23380232703373557]
[0.03651324350076076, 0.37143936687770923, 0.003491741215391362, 0.4947305227066951, 0.33010762343927713, 0.5062567808355947, 0.6544538814852892, 0.8117398996392509, 0.5168707101867792, 0.21830480671624644]
[0.02621671570372184, 0.29476654373814914, 0.002231920363934652, 0.518596581091766, 0.28082237102066254, 0.5369352286815116, 0.7343374004748582, 0.808079797224579, 0.5499378833071379, 0.3527555613787179]
[0.15292158663821037, 0.18192685772988684, 0.001545420054663173, 0.5142095946382754, 0.2689745837813773, 0.5766003629728701, 0.6557329266124513, 0.8012556920524289, 0.5480257856879166, 0.43677771883856364]
[0.18960588055322622, 0.6681816133715232, 0.0017285026372292176, 0.138606272704758, 0.28305675579697076, 0.6350374986765934, 0.7356253037987615, 0.8226047095034259, 0.6356674228009652, 0.6060274522998709]
[0.1862543435053761, 0.6722625046585297, 0.0017405429962333802, 0.1034345791065449, 0.2732577516519954, 0.6229878372193851, 0.7488416458802594, 0.8233915028322493, 0.6226063175720266, 0.6072389989101143]
[0.15064845017694384, 0.4545494683804388, 0.0017586834392719073, 0.0330377269408832, 0.21495473607172083, 0.6269270999951846, 0.7527251497152458, 0.8277305299272343, 0.6239790774910763, 0.6025420648628768]
[0.19318797067134694, 0.54870245305906, 0.00175257488452149, 0.02391683542802625, 0.2703842747594836, 0.6220800095061509, 0.6125821886880158, 0.8230674992113128, 0.621072830181717, 0.5991246913927745]
[0.20607425530670762, 0.7587739853885397, 0.001862573170888043, 0.5253170893985981, 0.2017415731630751, 0.5950694170455247, 0.7441792531558443, 0.8259505540519596, 0.62774515359643, 0.5932266371770084]
[0.21287023229533256, 0.808792946244253, 0.00190508802576411, 0.6738850915115232, 0.03298232114337793, 0.5991026601069434, 0.7474446122999859, 0.8305894738089303, 0.687385813397887, 0.6016439593724515]
[0.21821086089236086, 0.8449813368502574, 0.0020015871384596795, 0.6910625567977787, 0.18848103953282339, 0.5980142934823879, 0.7447129502167239, 0.8317573409066018, 0.6894340883436455, 0.5978599805176488]
[0.2086403244434647, 0.8292701858244493, 0.001843303773645358, 0.7791069167836162, 0.11374336042146997, 0.5997368449563121, 0.7444469733732205, 0.8263075838106513, 0.6706333166276026, 0.5973972397507711]
[0.22081285859299302, 0.7896104264947993, 0.0019791352499445502, 0.649789420975979, 0.035728286978575746, 0.5988407124243682, 0.7414756265715403, 0.8328623687877218, 0.7013720585210655, 0.6020873227176461]
[0.20965846441348648, 0.7432505096121894, 0.0019136624201402757, 0.5404162081835177, 0.004564917613042848, 0.5175948209001598, 0.7172221610736638, 0.8378078969205198, 0.7130737826677177, 0.6169807933434259]
[0.2046719973500824, 0.718603496088025, 0.0017936403786411846, 0.6667783970020703, 0.017059805427263278, 0.5782367867966159, 0.7022309682774616, 0.8271134164205032, 0.668748319835812, 0.60509994584789]
[0.18954557342119185, 0.725132572228101, 0.0019683344203943356, 0.5473771558530157, 0.14186899212886486, 0.5133562654161156, 0.7310414059587927, 0.8374780286121395, 0.7126838063879747, 0.6194564760788589]
[0.18602159348603378, 0.837020678736666, 0.001854764989668264, 0.7952003876574769, 0.5453892489110801, 0.5950217981055007, 0.7495026905148016, 0.8279793162409401, 0.6664144897629957, 0.6032623707305319]
[0.09587326830476431, 0.7883649785855683, 0.012761900906725562, 0.8284422926076943, 0.5470278235673666, 0.5667120232254805, 0.5769546397703103, 0.8233378109711361, 0.66001973978003, 0.4504581098991261]
[0.042945335260665, 0.7837862031262556, 0.001906717758897246, 0.8286363377021673, 0.6002907061282003, 0.6312346543931507, 0.6403371198640156, 0.8416826953281783, 0.6717472747005432, 0.4285569407955575]
[0.005594341299616937, 0.8258674946782917, 0.0019175944378661451, 0.8350033398092455, 0.5391873626700014, 0.61438502165071, 0.4142896579156382, 0.8391956092516811, 0.6893777963629362, 0.41865962950217134]
[0.006462477262311256, 0.841353377641414, 0.002595561935084397, 0.8356771559748175, 0.5173447479512296, 0.6690895870985252, 0.5783872970589345, 0.8466711763512783, 0.6895757419664413, 0.45248077133280235]
[0.006914496719592201, 0.851495715305375, 0.008937492885972826, 0.8350041575031238, 0.5231731862974363, 0.5733655607737704, 0.574907157309464, 0.8466358668390739, 0.6861961157981259, 0.5386827219168117]
[0.015531741267453695, 0.8604951409394881, 0.01384881590776279, 0.8061712971928278, 0.5457165743672319, 0.6058809899596362, 0.6500586853101779, 0.8357684142791114, 0.6806161645139248, 0.6425930946935126]
[0.018492649894209935, 0.8491318170193992, 0.00034077399351238526, 0.8038966379218436, 0.5434664238955992, 0.6037465176548976, 0.6291190631704998, 0.8251918761460353, 0.6614079634615352, 0.5149408085807442]
[0.01089474380799805, 0.8709443886681292, 0.0021302157853971926, 0.8262075144610417, 0.5459392619749384, 0.6611344313478142, 0.8691674056958144, 0.8407680784342476, 0.6931083617124032, 0.5162176753620861]
[0.013996162485816999, 0.8586330936654135, 0.016002422822504997, 0.8159059965305858, 0.5407919192885586, 0.6188074452219418, 0.7801214900179956, 0.8430137041924423, 0.6834493048863822, 0.5291265674950009]
[0.013236846410132242, 0.8588135202596773, 0.052818791144032456, 0.8098838139905244, 0.5431104089370441, 0.6305365624438658, 0.7597771304842897, 0.8424087822321776, 0.6556226436987878, 0.3651386925553097]
[0.01886636883986973, 0.8553918781579827, 0.006933390962171623, 0.7914630610332224, 0.5459862722772287, 0.6193294442934865, 0.7013474881971247, 0.8363668671239087, 0.652198703548039, 0.05382776765299303]
[0.022425938084928033, 0.8511928869287508, 0.01646410316473492, 0.7837681708474508, 0.5460849846860947, 0.6027519918021569, 0.7139876126029973, 0.8370391872634062, 0.6487071927727253, 0.24430408346478327]
[0.01657842019556373, 0.8561689135834544, 0.23409750999708107, 0.7999173070912318, 0.5463282089594707, 0.6164539971425523, 0.7730793823175072, 0.8510977471797366, 0.6006306808143549, 0.6026433233997325]
[0.05383965152723563, 0.8555813836686216, 0.14027633372477086, 0.7870185241066517, 0.6627943436212781, 0.6081546089375341, 0.7849202955809821, 0.8528531296860009, 0.569017149405439, 0.44300499961104417]
[0.006355117456031317, 0.8607749913004684, 0.2454050635061192, 0.8021397854119044, 0.6821214670812658, 0.6432794796504637, 0.8065944989104487, 0.8534182978639319, 0.5792024836930111, 0.4677739607352632]
[0.028203057277862688, 0.8569184436929981, 0.0987712799397844, 0.7661720980311973, 0.679671959154056, 0.569403709521796, 0.7526360205345286, 0.842610490943941, 0.5907294010177346, 0.5424457262016551]
[0.01678126126181019, 0.748527833648079, 0.0846704377842866, 0.7588118360751769, 0.6213321462026099, 0.4029824213228195, 0.7013730348758864, 0.8437352386949253, 0.5774186665672495, 0.5408391183114112]
[0.13356728413066538, 0.7827657726160475, 0.07143058667637217, 0.7394594303203071, 0.6906163939763394, 0.10311758995628825, 0.7366418819439414, 0.8373783760697799, 0.5159366466386003, 0.5142450805989921]
[0.05515986286462642, 0.7817655245084568, 0.2826928049117369, 0.7780680497376212, 0.6457349285148749, 0.6276676951073039, 0.8155838431412777, 0.8622151059410706, 0.5857953300351589, 0.5331611686763903]
[0.06782855282111644, 0.782398804188855, 0.18567878218076525, 0.7565271970189914, 0.6513616135742384, 0.5698865103431745, 0.7820631017117725, 0.8613223907834655, 0.5633646530069675, 0.5609515278194793]
[0.09214840504072959, 0.805246010175778, 0.21169688018229066, 0.7452923172192861, 0.5240448399632619, 0.5702139903759197, 0.7569542959909954, 0.8523479441056342, 0.6282674825705894, 0.6075294410889612]
[0.036441593999475025, 0.8337258905074403, 0.16415734256790188, 0.7743906623263095, 0.6995247349921224, 0.48740931519500663, 0.7893048758313428, 0.8462529417261131, 0.5735376186246607, 0.5863047487740998]
[0.06411937663390505, 0.7250584560998311, 0.18939778460275633, 0.7702896666074724, 0.6846465429139776, 0.5211171618011883, 0.770754845586837, 0.8489112476137324, 0.6100213159957713, 0.6241490707640053]
[0.4334381624429714, 0.8322048264837798, 0.196184653752377, 0.7859027750462261, 0.6975597351261343, 0.6512667501247139, 0.7759191658735838, 0.8516864095672504, 0.6109815571014158, 0.6194247683713637]
[0.07892291010993774, 0.833730888382684, 0.2402629636885447, 0.7329524560156797, 0.6979199772890285, 0.6027241704371897, 0.7256096733363544, 0.840796319575916, 0.5871840080243967, 0.6028424409525506]
[0.3257577844754623, 0.8463905859703742, 0.21983983252329423, 0.7478254175614538, 0.6320013393769319, 0.7004021926677457, 0.7507504333889915, 0.850361725993316, 0.6171210564632466, 0.6082479957321282]
[0.2582715210415927, 0.8094564974766867, 0.33563483335848476, 0.7694105333714695, 0.593153555218533, 0.7054316825685469, 0.5727782423481104, 0.8592019522811337, 0.5548772106144686, 0.4184798890218003]
[0.27863870232494015, 0.6950389530850064, 0.07558692927001015, 0.7822528346492966, 0.45347193481632236, 0.7366904803099231, 0.43893562393427055, 0.8840547264763109, 0.5101531245717713, 0.8097639847687893]
[0.28368556178398874, 0.6524080879311523, 0.0922070062670265, 0.7841184920787296, 0.4842213061030684, 0.7152467532941589, 0.4284010448796372, 0.8738130101114162, 0.6004968825859152, 0.6737727624971047]
[0.11732307499082921, 0.8092762433716802, 0.41006038972654707, 0.8048880550782934, 0.4989431503470316, 0.7690551497154876, 0.7109515731083536, 0.8672399463186045, 0.64612248220566, 0.9205142322115518]
[0.05198796289200049, 0.8093127615290837, 0.34417578348072453, 0.7799448997168515, 0.47301836889842364, 0.7513350714704334, 0.5930771010089947, 0.8563426804819946, 0.6912570274979437, 0.9127098872766236]
[0.08714988741296104, 0.8364860539291881, 0.6125551493798115, 0.7508957255335632, 0.536666304578517, 0.7019059339249891, 0.7985597868447057, 0.847330072547749, 0.6807815341229089, 0.9093926745057122]
[0.6934789926629882, 0.8164468982137587, 0.45851401705317624, 0.8093308910835775, 0.5186365288308369, 0.7364856129769178, 0.8171731600762744, 0.8581456654327331, 0.6943830469055382, 0.9342983821493133]
[0.6110354876134305, 0.7946166120090697, 0.48516406889500263, 0.8042793130589876, 0.5087728164482959, 0.7096282967916716, 0.8121447732617851, 0.8597121990438708, 0.6795135845274641, 0.9291569228458445]
[0.601390990009793, 0.7945577175545737, 0.462341425460402, 0.8117539683429813, 0.5557537567346882, 0.7191147683327926, 0.8086321804547395, 0.7276708336701219, 0.0833201817078, 0.8958126299880234]
[0.6018320714823803, 0.7931441839475126, 0.46423140262708745, 0.8106250598198473, 0.5583723850928292, 0.7227928711227223, 0.8075215055762002, 0.7293162171946711, 0.03292748876126735, 0.8988162191485632]
[0.5981203799136988, 0.7935796605907589, 0.43845648103235835, 0.8114349046937345, 0.5575562364519704, 0.721936178345726, 0.8077025270658904, 0.8039178980786832, 0.15451521868212045, 0.871032662084485]
[0.5997260619624636, 0.7902483710557859, 0.41102518317254344, 0.8105357720563946, 0.5591296585667899, 0.7208385126395046, 0.7987331170770681, 0.8131794112380465, 0.11492573288690235, 0.8407444419854287]
[0.5801699732849893, 0.7645777739583162, 0.34138120503915814, 0.8094862359121655, 0.5488863791807562, 0.7231391943781726, 0.7885497735716391, 0.7795571200571197, 0.22528850018522167, 0.7983022294184174]
[0.6054266915892225, 0.7682265979459236, 0.3246916391378621, 0.8105806160511839, 0.5423196646484036, 0.7215510176364981, 0.7928322851538968, 0.8294668960951175, 0.5615757401196346, 0.8104867361866299]
[0.23585504416220085, 0.6498538965218186, 0.2818691890841939, 0.8138244905898898, 0.3530199731885179, 0.7819381222586923, 0.81107041390663, 0.8459439459748042, 0.49538549825141553, 0.8394417007268621]
[0.3815463318285195, 0.653708722380271, 0.20857770029818695, 0.5903639917451973, 0.5752783712401474, 0.7752436006344882, 0.8408267201046042, 0.8293784683923521, 0.47013450283293545, 0.8387584395186737]
[0.3970414860403156, 0.7941116146915006, 0.022285900296899745, 0.5710601006298993, 0.6022388630717416, 0.7778247744250041, 0.6938877292876802, 0.8452485117616458, 0.513464437100805, 0.844017361548803]
[0.43913657242483134, 0.808409762641601, 0.08444714445548113, 0.595787955411151, 0.6249279423530645, 0.7722974326660809, 0.8009233194740562, 0.8154453939831163, 0.50567743746301, 0.7683577800430926]
[0.42936565825048917, 0.8237234565119057, 0.05294341585262647, 0.5934945451489755, 0.36382323843973213, 0.7551947313036838, 0.8454308211133492, 0.8215169590098186, 0.37250531255470626, 0.8486958275924836]
[0.3429669469554288, 0.8225284882293666, 0.020702623757027822, 0.5704101111046889, 0.3388639285879105, 0.751652946731565, 0.7923056350916492, 0.8289468947338132, 0.3390431462097733, 0.837868108913572]
[0.4015637653372138, 0.8084035692911415, 0.011100158420603874, 0.558782650743746, 0.5975948460286234, 0.7393692796815367, 0.7828113984646372, 0.8131244415737237, 0.47619491150960586, 0.8296806353955334]
[0.4122528232399487, 0.8231615391923958, 0.004201167601021459, 0.5766914602771535, 0.620558734463572, 0.7558062889626079, 0.7615525932360737, 0.846070926063613, 0.42538868013302733, 0.8101962070449344]
[0.27920929489229396, 0.819287316086685, 0.19708808671242883, 0.5702293321539916, 0.6157709778576833, 0.755716251416319, 0.7309145479317516, 0.8654439636592371, 0.3945060082551868, 0.8108738694464143]
[0.26965637438925566, 0.7574336804857698, 0.19873464363671448, 0.41451562608874903, 0.6247399136910586, 0.6740589420037386, 0.7209558842710947, 0.8645849974209074, 0.3900805749361214, 0.8098277362346544]
[0.36553335133332204, 0.7649925465672089, 0.3496540499739784, 0.43637373260487516, 0.5884459381423361, 0.6853925869054786, 0.7842388993194, 0.845279443976295, 0.42757023138621314, 0.8272831915593835]
[0.5048706649888125, 0.7570206527545815, 0.13661839099183196, 0.4336274521916146, 0.6320119788041947, 0.6741566432843291, 0.7274473985287488, 0.8405969797170822, 0.5096423193357456, 0.7757716071380484]
[0.4279036110703316, 0.7642506236780379, 0.16318829109468005, 0.43581612073928827, 0.6301135272956221, 0.665310849270204, 0.793677464531787, 0.6916559073854219, 0.395761614370697, 0.5075285270932925]
[0.4703706103096899, 0.7590359350568782, 0.08631798934161584, 0.4359500323317867, 0.6333877825109786, 0.6649842980787805, 0.733791938486809, 0.6810945058994392, 0.43406645144929973, 0.6214180156035861]
[0.422037339279267, 0.7682568251670532, 0.06565329536076112, 0.4168289384111192, 0.33856309172963767, 0.632458012862622, 0.766842163610821, 0.7152570450113763, 0.5034802505058428, 0.6472406575639955]
[0.2727425302712684, 0.7647174233820354, 0.06829436053777847, 0.4606924880142594, 0.42922361408368315, 0.46829339618502985, 0.78900020505487, 0.5694309540827199, 0.43706800414293157, 0.6978786840111086]
[0.5500002990091046, 0.7521906163416242, 0.06831952888037057, 0.4944523791645245, 0.4655098791181584, 0.5948846595109901, 0.7858895611847662, 0.72109260151018, 0.606618485988155, 0.6789250814010094]
[0.1702494233054997, 0.6802624380613015, 0.004445562992075693, 0.4422800483410457, 0.4582734722520162, 0.3614834440680995, 0.730947764338467, 0.39483907589414885, 0.6747733158031359, 0.34389967392159176]
[0.27220545240328115, 0.7392974561634923, 0.05878765379332626, 0.4530374893572936, 0.4597348095502292, 0.47309765478878324, 0.664237175479983, 0.6946695158289939, 0.6201391135102758, 0.4294525804458663]
[0.5385064903516156, 0.7490432670976817, 0.2409289211387866, 0.48177513065939653, 0.4283170762793381, 0.5924207394575902, 0.5669537899368241, 0.7784044156698677, 0.610901475785834, 0.6994237171675173]
[0.483081458956635, 0.640404951405695, 0.185814684241137, 0.4677005251684131, 0.4374745573616953, 0.5733173316167159, 0.7353655652406442, 0.7981494283733194, 0.6171490115444289, 0.6089881451305451]
[0.48271125090650707, 0.6660719856782136, 0.2744900566920161, 0.4764367040741922, 0.4346458460402675, 0.6105474266506683, 0.6206324610590127, 0.8326934044878206, 0.5877831247107074, 0.8522005890526992]
[0.4639817910361625, 0.7677361102176765, 0.300429853088334, 0.48340532273461595, 0.4715405063561368, 0.5898569380957824, 0.8002955809613558, 0.8339709287646746, 0.5727041155130849, 0.8301983820964336]
[0.2924199079425194, 0.7428361034106464, 0.15950137623830116, 0.4499979692898122, 0.5645232766528092, 0.6739914905915385, 0.8245835936310808, 0.9078510520164826, 0.4342055567865015, 0.727073163637969]
[0.2605413757596424, 0.7640676307209912, 0.24607436953624776, 0.43229656163653646, 0.5072980701057942, 0.6218829702597863, 0.809283473297628, 0.9325373246271054, 0.5983383098046862, 0.8239962374500341]
[0.43394227157962684, 0.7534496317553684, 0.12812183842829628, 0.41671342779648746, 0.4385879787025988, 0.6738914898554006, 0.8312584223661197, 0.9355967346305162, 0.6300440921518123, 0.8421399518841957]
[0.6763337939564771, 0.7520193984222872, 0.231566583281317, 0.43311876298411617, 0.46865059507413126, 0.679791277312056, 0.8271280679414591, 0.9319452755585413, 0.6304074000151475, 0.8445064378833129]
[0.22373898168397982, 0.7502459674509477, 0.23177378299427748, 0.43355717843910757, 0.4719523255221838, 0.6736934972167006, 0.8274800524721517, 0.7858823311438323, 0.6334568614703153, 0.8431617960925027]
[0.4411905607014049, 0.7487569629189658, 0.05926551003683518, 0.4233459283615015, 0.4780548675230804, 0.6647086339683663, 0.8298013831656375, 0.9301818471066712, 0.615608229921714, 0.8350309210432552]
[0.2815712610182767, 0.7545403189855829, 0.10560349185044224, 0.4377739639100103, 0.4745567993636307, 0.6835873788013066, 0.84188930114817, 0.8457340998773579, 0.6569396824540144, 0.8403999072868091]
[0.4041333659866283, 0.752255339386731, 0.13732275758627954, 0.4225141427814019, 0.47524339517282216, 0.6628729094287443, 0.8346512421275353, 0.9363340976143819, 0.6231644027445516, 0.8225113332222199]
[0.511498341357428, 0.7380761112467706, 0.2518207082917953, 0.43689673875496227, 0.4358234918157265, 0.6739335867119469, 0.8385013431449057, 0.9163992926566524, 0.6701328281600102, 0.8511668869513065]
[0.49458078122779753, 0.752856274266518, 0.1542309116921525, 0.4331737335823211, 0.46201075531345565, 0.6768805682329383, 0.8351054636659702, 0.931650522310284, 0.6426691176770576, 0.8393927277528181]
[0.5190849598026143, 0.7297669492681897, 0.1945992243051922, 0.41149805632266234, 0.38231974175360145, 0.6712916633501466, 0.8168228921725358, 0.9346376262097464, 0.6513692362197935, 0.8439328157235326]
[0.6752638612079374, 0.7407421300680838, 0.16990189945343875, 0.42136465069165363, 0.45312397262196635, 0.6133242019643136, 0.8157872018494947, 0.9307560549121963, 0.651706064008805, 0.8492151720141393]
[0.6918823457167638, 0.7431006937702119, 0.22079624460241926, 0.4287666214867855, 0.47627174132949407, 0.6625536697859078, 0.8170045374448799, 0.9250815102677452, 0.6017943912133147, 0.8304675347635159]
[0.6310506331353527, 0.7696042895190748, 0.4373009176843774, 0.3980203312029833, 0.5031855528541762, 0.6745975887961945, 0.8205924701558501, 0.9125121025268152, 0.6359125703599909, 0.8124863451349298]
[0.646457635998938, 0.7787642585413095, 0.44409093810102435, 0.4686271434843337, 0.8583683046916075, 0.7216268639054575, 0.8165286446514787, 0.8749831110246219, 0.6613334765504824, 0.7936487999860092]
[0.5442330749481289, 0.7109761002923844, 0.3758633286838253, 0.59300972987785, 0.8450965682162933, 0.7518038811506313, 0.8238826827359053, 0.8417863318968561, 0.6692957041559424, 0.8020496504139426]
[0.5391465524957477, 0.7116155700406461, 0.2373876536650657, 0.6126963129948906, 0.845445476582861, 0.7619501902808503, 0.5535393090104277, 0.8317428158012916, 0.57507719650288, 0.5460309356189053]
[0.5073470299248141, 0.7210804211265756, 0.2343408780814481, 0.6187537632378558, 0.8453796211677749, 0.7574570726966818, 0.18010017999447628, 0.7397874003149442, 0.5014256931631992, 0.4501269549420292]
[0.5271729765287101, 0.667853889675368, 0.1975567828476507, 0.6211859866975876, 0.843558974066183, 0.7672154201644701, 0.5785702542737542, 0.8278398808649536, 0.5789554818326237, 0.5224995110516609]
[0.5719402044947962, 0.7072411284150018, 0.1389707597619614, 0.5833626823316749, 0.8413750949328437, 0.7491265045327429, 0.7493140230204272, 0.8210938949886353, 0.5968305619917985, 0.6322650036285904]
[0.5397614571071442, 0.711925433261323, 0.13727791075232923, 0.5907297060391871, 0.840170846912483, 0.7470141030267206, 0.8537256283071402, 0.782217604796032, 0.5439954081912083, 0.5929781436199751]
[0.5446743360792323, 0.705527256632534, 0.03699772276524926, 0.573019555035269, 0.835936337021209, 0.7373577681358847, 0.8615745539744644, 0.7973824645757092, 0.5233211126245366, 0.6674258519858279]
[0.5607881090418513, 0.7075344497525825, 0.034580534242376115, 0.578374443202428, 0.8349171963180168, 0.7392692181079544, 0.8606952330440882, 0.7706380081356559, 0.19416247087542113, 0.6046230316907512]
[0.5460332757857217, 0.6938026510589844, 0.04471279365187954, 0.5592582678289687, 0.8360697882291466, 0.731144369745125, 0.7995552758090472, 0.7894266671567083, 0.08489718223228855, 0.680035570071196]
[0.5276778380593221, 0.7011661236721983, 0.04655408703409785, 0.5510654592633676, 0.773244855965152, 0.7223078143025035, 0.9023412802833446, 0.7791987188045237, 0.477800866492158, 0.8908796372100913]
[0.534105102659868, 0.7036122882909108, 0.04782989222099147, 0.5529253873217077, 0.8280462164974433, 0.74367401413637, 0.910829240888688, 0.7310864614529615, 0.10084222525931259, 0.8941509679243029]
[0.5513684624383737, 0.7024134044015519, 0.04804739194776647, 0.5521891075750335, 0.8222570601603246, 0.7467538601676756, 0.918067455689634, 0.684028644193586, 0.10685351992186627, 0.9015456219391422]
[0.5544182430753953, 0.7066437130758761, 0.04233161086540841, 0.5640252318084756, 0.8329719702627926, 0.7160695132020509, 0.9225362497044812, 0.5204126181362244, 0.024254998229081573, 0.8808730194987558]
[0.5499578894100081, 0.706798341553946, 0.03909358872801447, 0.5681318442948073, 0.8341918849284544, 0.7092371757489001, 0.9183149897767534, 0.4787628034558288, 0.0069803610793398654, 0.8774050178524551]
[0.5489345920608686, 0.7060828342475602, 0.046991992043255465, 0.557844552553481, 0.8360601893358882, 0.737870749103178, 0.9159996306784142, 0.6393953768695992, 0.02386183070794778, 0.8699497782342178]
[0.5562450383516839, 0.7085718041835224, 0.03955565170225275, 0.568877680275585, 0.8342413593049406, 0.7400457347551531, 0.917799219900496, 0.5970355287780492, 0.03966455977679485, 0.890440880197477]
[0.547210396136908, 0.7092828731828358, 0.035040959064663604, 0.5749619664598032, 0.8248114372062958, 0.7303409539485596, 0.9175697140694833, 0.5790210478422668, 0.0735316033996905, 0.8964202176325539]
[0.5494183075167871, 0.7094113343928824, 0.03476116759248158, 0.5760723070845685, 0.8281913249605823, 0.7416837692500587, 0.9173700374188927, 0.5777409435458456, 0.019139782322847236, 0.8910455616236866]
[0.5677556328466047, 0.7160553354621237, 0.031157992835434658, 0.5852116488334244, 0.8102591822348882, 0.7551943512857296, 0.9273819779419911, 0.5452611056578872, 0.008374750075863715, 0.9082463732618455]
[0.5597053795149094, 0.7067155964853172, 0.024826032142630097, 0.5278105176763291, 0.7563904076100982, 0.7576395074770121, 0.9176861021311171, 0.34696772913723434, 0.05772785738562136, 0.9035103253375335]
[0.5061804847453609, 0.6853620374678687, 0.005831899764200369, 0.610067172560807, 0.7804442219158156, 0.7885016376237903, 0.9103536638554334, 0.4325867956756574, 0.004590093151273969, 0.9022960466718724]
[0.6075574266377304, 0.7124760733156673, 0.012906737280299304, 0.5591230558651374, 0.8314334026528376, 0.7431352666069957, 0.9176664348301643, 0.5828413007638216, 0.0008238850167916583, 0.9036247995404701]
[0.6056041069722459, 0.712700471737661, 0.010664111065915164, 0.5721711548598521, 0.8293853785684655, 0.7562325508801596, 0.9071103272845666, 0.5544960613253795, 0.03986984362493509, 0.853235258129259]
[0.6054940479045706, 0.7084800115381588, 0.013018578255333962, 0.560679454007039, 0.8427023102240551, 0.7378961141610608, 0.9228380405513466, 0.5605301147117293, 0.00924365775565696, 0.818974478325433]
[0.5454231316943811, 0.6921980596979249, 0.015171732531865156, 0.5437055705780789, 0.841711827814487, 0.6438852614201368, 0.9143856162454832, 0.3405048307879194, 0.3312343916623638, 0.8702861106637952]
[0.5635480881004742, 0.6791777119883401, 0.012766595139359455, 0.553695271647, 0.8317876888720853, 0.6811359946449188, 0.9128916338251875, 0.572666079823113, 0.6442239595767874, 0.8828572760392688]
[0.597722742907604, 0.7167445877079602, 0.008011491067596278, 0.6152994562511553, 0.81963718558879, 0.6721808282768299, 0.918559853530317, 0.5718469675415635, 0.6474644344112651, 0.8818816904409036]
[0.6814133850738463, 0.7657136235363832, 0.0017768402016143173, 0.7515917443266608, 0.770763308711723, 0.6548743368239234, 0.9144569405970507, 0.5665025035719841, 0.631913299253459, 0.8728786963775022]
[0.4882311710928375, 0.7559488190235325, 0.011292875939842436, 0.7463975647271107, 0.7702722326568111, 0.601168766374374, 0.909335859808516, 0.5352504311603697, 0.6030053710440609, 0.8733903826531593]
[0.5511315984797737, 0.7720422084879496, 0.008558759371020883, 0.7285544322469047, 0.8137920868895677, 0.617752566767063, 0.9177185359852634, 0.5518315284097398, 0.5676990417264018, 0.8796785848020732]
[0.7148710161819118, 0.7741786177130626, 0.011127646894856607, 0.7298208768192509, 0.8033063753838845, 0.584010024018471, 0.9099058179252554, 0.6324567593944381, 0.22969091245278822, 0.8987936432456127]
[0.7252436802175188, 0.7838845321276804, 0.006843584666856219, 0.7363585892790664, 0.8080755434243614, 0.6207035112156043, 0.8365338247591552, 0.48692340397769807, 0.13467577782430992, 0.8566759725085216]
[0.6916971283231159, 0.8079900508351172, 0.008581173024532627, 0.7319368718451288, 0.82429525699708, 0.6022835474256296, 0.8843426294405793, 0.5605792854362786, 0.6560767482799421, 0.8211017051360837]
[0.7380310039788678, 0.7927289664223385, 0.01217677631775945, 0.7285187183468568, 0.8254836593605276, 0.5621552841705812, 0.9157881795197835, 0.7052105460641311, 0.5640907748285762, 0.8468984008824063]
[0.7449221428383601, 0.7802258209946106, 0.011157370752679, 0.7330927994492764, 0.8210830349801769, 0.5264474962205798, 0.8849779553084596, 0.6087125593463674, 0.22812347373299038, 0.8408349022427131]
[0.729488269986317, 0.7974728280288799, 0.011548935822941725, 0.7358106086016298, 0.8251090593310233, 0.452677867201866, 0.9118916142213631, 0.6776399167332998, 0.3015984969399297, 0.8788786279605352]
[0.6913512880823472, 0.7883028214130192, 0.01304258992644864, 0.7273999032434997, 0.8261190916364589, 0.5466545549963662, 0.9023798935374427, 0.7115894097950901, 0.29458937552574865, 0.8816225455268859]
[0.7099621853400111, 0.7909077469723734, 0.011668177417230865, 0.7288656798335105, 0.8233788388533972, 0.5715744618299027, 0.9061950036786984, 0.6649584758433307, 0.030517770446144097, 0.8926775783140181]
[0.7161538133454312, 0.7961296861434433, 0.00940081226479642, 0.7333350396986195, 0.8218842068779717, 0.5565806553059367, 0.8499025436532968, 0.6057337769044736, 0.11077008574088934, 0.8851698895268768]
[0.6702276729626075, 0.7940113542668041, 0.0030927099109636902, 0.7405203883832392, 0.822736090882174, 0.6417771921453298, 0.9325648357756873, 0.5200219303818074, 0.05949970821601423, 0.8861575721133095]
[0.6636853761103019, 0.7876461537728757, 0.009560675869851695, 0.7284801997999913, 0.8250091607584001, 0.5484692522458171, 0.9084286482590047, 0.7051749780943072, 0.08707966789959824, 0.886468179307043]
[0.5580963494623681, 0.7762222850373991, 0.010395989304889226, 0.7278203701922787, 0.8262582956521715, 0.5003640292015973, 0.9007655286814278, 0.3783336339496814, 0.1109386901421868, 0.8515614740014195]
[0.5838172094200175, 0.7622935426097148, 0.0020244919038780716, 0.7284202660854577, 0.8282785119357517, 0.6521856837396777, 0.8870824462061883, 0.3930981948458485, 0.11269139202211288, 0.8300371364785752]
[0.5413013334708718, 0.7716793061917078, 0.001720431052035822, 0.7309272221124062, 0.827118063250796, 0.6672548857952673, 0.8868805965666421, 0.5011838386815477, 0.15605951311632282, 0.8348476108823472]
[0.5458386347056327, 0.7841485753849451, 0.001241532808330885, 0.736250451422672, 0.8201748000294614, 0.6260000279748928, 0.8985649521987322, 0.4572386001066548, 0.40975212400386024, 0.8658250967700166]
[0.5670446796490195, 0.7772126858751356, 0.0012426608932412054, 0.7327777482024009, 0.8197750921773692, 0.6178614586493943, 0.8994057436412592, 0.20959064607702668, 0.3310835253750591, 0.8498327279555747]
[0.6063656585041981, 0.7790472934683749, 0.0013383981721657573, 0.7327293263159971, 0.8131163247674896, 0.6125798137050685, 0.9060582042982517, 0.3517173384841055, 0.29061831909854097, 0.8448047551821017]
[0.7360702907395617, 0.7740591699129854, 0.0014912159073535419, 0.7311092047691127, 0.8259894292394655, 0.6803633934879709, 0.8959590723760672, 0.3628691694358631, 0.4050985258744372, 0.8269135915534463]
[0.7725380524819021, 0.7883797428471708, 0.001436488206417763, 0.7316344853402219, 0.828968155640744, 0.7189032417461114, 0.8756214447852215, 0.7870191547660815, 0.7536925561331699, 0.8575824305274857]
[0.7336532289978782, 0.7743292413878631, 0.03412682566357718, 0.7275941518830679, 0.8287692229042306, 0.707395466453481, 0.8028260447656999, 0.7736326422902907, 0.7052471918676739, 0.8339951186559863]
[0.7273120434145128, 0.773696955856645, 0.005053776723421203, 0.7325118809508274, 0.8331203546850672, 0.685687017248055, 0.8041095570912103, 0.7757276846443171, 0.7065188685673979, 0.8358098216216828]
[0.7490254603981183, 0.7466920399410114, 0.03185132984131608, 0.7226149710016991, 0.8283975053637513, 0.6497848622748675, 0.7996666545797333, 0.7636736013164261, 0.7020050814082819, 0.827367887664342]
[0.7462538537626513, 0.7700453792806243, 0.010959301108740122, 0.6078748461972466, 0.8377258645891805, 0.6336226168044715, 0.7905306918965161, 0.7793294262148485, 0.7024677013000559, 0.8116291565210524]
