[0.15022037568463129, 0.06863289046269305, 0.0673237169223227, 0.48366130513588146, 0.46627883372365025, 0.1760300107428335, 0.135893406125074, 0.9120983609501973, 0.37987683484820045, 0.6321645352496499]
[0.12245119066703049, 0.4073389367029444, 0.07164187014018765, 0.5122813685821069, 0.182429288680831, 0.21795854725222627, 0.05021496210776775, 0.9010241330399105, 0.43710867324473957, 0.602919340292766]
[0.19985506482434276, 0.47329732761226523, 0.08870627428560135, 0.523847326899062, 0.18456551513882505, 0.20447734081306315, 0.006712614464204795, 0.9226770637308999, 0.40861486744971137, 0.6850406950283745]
[0.20515374568559294, 0.46591047649442774, 0.10823612807886765, 0.5111681505070012, 0.5597221380409323, 0.19792253673368512, 0.006667811936914521, 0.9223561943537935, 0.4140410163221491, 0.7081826808078067]
[0.25692202424268296, 0.36511081146194146, 0.030791604069989605, 0.40339996281090823, 0.5118865755053184, 0.32056184462566495, 0.0033031320230200024, 0.849049735744781, 0.3083292879648642, 0.6494966696730153]
[0.16452653982384324, 0.2885211431341114, 0.03293046927537347, 0.36091276259377497, 0.5639892660232375, 0.27450090440663455, 0.005814985604173735, 0.9290900343725773, 0.3815630303712159, 0.6984107044272883]
[0.30393678687899794, 0.44325562484435277, 0.04648002653372955, 0.4542816850624384, 0.5850202541679276, 0.30211100269061575, 0.0031529546279756957, 0.9268921097835187, 0.4039814773473442, 0.7447396892004694]
[0.2978945265107974, 0.06579477633203608, 0.045691463784113436, 0.4386840692166336, 0.5803236669319045, 0.2666413809370327, 0.041883317902771874, 0.9308252764777938, 0.3748161828695067, 0.6435060056834573]
[0.2904198858771261, 0.07604822975783733, 0.04880087589649607, 0.4248987960000064, 0.5774797272555393, 0.3431682332557702, 0.05657326713792353, 0.9321452608918834, 0.36181541301213266, 0.6363548891984144]
[0.31042862341539523, 0.3841411993697973, 0.04585432388716466, 0.4101337471774132, 0.5789194878022177, 0.2748920717463151, 0.05215708182000625, 0.9290840801893775, 0.37471603887395133, 0.637132196587893]
[0.3018847074962404, 0.37515922878242064, 0.050396610817783814, 0.4043769775685673, 0.5853173199215242, 0.21668446245318018, 0.06213657227133203, 0.9230199066732107, 0.3391148305982011, 0.7054488349224836]
[0.23068007534469245, 0.43894721024063266, 0.06040875738949819, 0.42416878540844205, 0.6184492260535867, 0.6115904041158253, 0.07807951133037407, 0.9012699397634698, 0.27480861564840536, 0.7160980434712513]
[0.05616379602238682, 0.47685345503563986, 0.05829763060518809, 0.4249201690074984, 0.5512317226368759, 0.5930583521053353, 0.016917318306974703, 0.8840425574359182, 0.4359536180459459, 0.7219228568027517]
[0.05439277788659896, 0.47588415121822825, 0.06481546964212748, 0.4049513261850782, 0.5657835869613511, 0.5887457183260284, 0.44785898256286133, 0.8768549722850453, 0.405768621774532, 0.7579912928831032]
[0.052984618378765815, 0.43561541019776956, 0.05921539541878976, 0.3974215897148037, 0.5911986107534988, 0.5515416697970082, 0.42583257426873394, 0.8703168622031842, 0.40579186914416143, 0.7723448393127123]
[0.15519894319340397, 0.2757061293946645, 0.029578306287004592, 0.3268653699403687, 0.5721834854156178, 0.3731704889250381, 0.5648406777342249, 0.8860661325272728, 0.33804721697170936, 0.7858916835181959]
[0.04277654770655658, 0.392417994315722, 0.03649454846189068, 0.36411411927557175, 0.6373769679475279, 0.22069504808811585, 0.32957987543277567, 0.8970187625359857, 0.2949033478544339, 0.7186734104407952]
[0.05147786816732305, 0.39939224504188664, 0.2240477755831605, 0.42412983968312223, 0.6416801856131206, 0.3643870208805126, 0.2560853691556616, 0.9097697838669165, 0.2722689972637799, 0.614384880572138]
[0.05148927564509128, 0.3856591845803581, 0.27300548506717065, 0.4382711654097834, 0.6416154336551598, 0.370045937432593, 0.4897868854899153, 0.913392258049625, 0.26696475651349755, 0.48479069044355405]
[0.06482772861690506, 0.43490287836514224, 0.12442847594222455, 0.43111585032319233, 0.6386836954570404, 0.4651340513985494, 0.4959190922080426, 0.8810359000703346, 0.4445591594051592, 0.5392723600395882]
[0.01877036501038302, 0.41484868692087784, 0.3351707893183692, 0.4186865610627311, 0.6538806414904917, 0.6310259171842987, 0.40304838120194253, 0.8776299487806045, 0.4780373466976548, 0.5523657430541612]
[0.024674385290637892, 0.3510260203426311, 0.27889239778816494, 0.39730108729661584, 0.7222377760056704, 0.30975279188894234, 0.21970572831101928, 0.8936044770008517, 0.2808740585282241, 0.5200429805295512]
[0.023806557804289724, 0.4104826789954953, 0.2832259316369066, 0.43549032531714826, 0.6499705673659381, 0.6442312338962385, 0.449475610764396, 0.9329161282608615, 0.14288304338872254, 0.5774768211013356]
[0.3124175392856673, 0.2602894828968316, 0.18055798843613086, 0.26788949106841103, 0.5582729072282836, 0.2060001214834386, 0.4949269499935318, 0.8575496469141315, 0.6966433498969011, 0.48356146515381]
[0.35923409968604336, 0.32550661877898923, 0.22867460918689295, 0.31617317103506537, 0.6999279120167842, 0.12138983575919651, 0.4651135086645253, 0.8311716405856671, 0.7557619318451838, 0.5195718446425879]
[0.30513108567790076, 0.27440585695994374, 0.20773220045883567, 0.297271901862507, 0.6146157630278527, 0.05657116131730154, 0.3884428804894915, 0.7766678252155146, 0.7371804282591968, 0.5028822390112014]
[0.1948954865140884, 0.26265261065788825, 0.2912895097993386, 0.24473872404700642, 0.6673134826529155, 0.14537436012283395, 0.26716251844525035, 0.9023105236441755, 0.6097434327328334, 0.5322505935832125]
[0.27287492064930857, 0.16320587225136243, 0.24283784868765118, 0.20509066171553705, 0.7641572431974544, 0.11490761022431531, 0.2976516135455337, 0.8527479898175405, 0.6441373009083203, 0.5108383761496339]
[0.17096562674198895, 0.17874798115498178, 0.2575339546975807, 0.2157686192016934, 0.7583445213649846, 0.019292800007075617, 0.031533393206885044, 0.8677112579386135, 0.6653938791950331, 0.4748625183611705]
[0.22853336139761538, 0.16393510606546666, 0.1363505097696679, 0.22921072530443087, 0.7639984807057426, 0.017696761703899902, 0.5196542710215989, 0.7892056093372314, 0.6315697550275312, 0.35788960416900517]
[0.13119199955362518, 0.014976771654765601, 0.034941954758808694, 0.014630289389043575, 0.7813981927088399, 0.008665155824064134, 0.12976642074905004, 0.7451852947262467, 0.3252246211089872, 0.23829524907830774]
[0.198096286007696, 0.17056203759414454, 0.05929645185203147, 0.07318607030567735, 0.6888291244965935, 0.018580787533087444, 0.29895363864186986, 0.7785481086568533, 0.31831538461870634, 0.2549047582421367]
[0.11740535409754, 0.11684985111149648, 0.09303005990746983, 0.05864948147965167, 0.710787427806301, 0.016468556433088474, 0.4053251395790511, 0.8245609068411718, 0.5014108046567598, 0.2595772552091197]
[0.27171567504853056, 0.26108969938903015, 0.005322939687730628, 0.07694927729015816, 0.6916153307920276, 0.01807000753814829, 0.4409454534700011, 0.8717509155299703, 0.4921331853649922, 0.3698916688881055]
[0.3936069388656457, 0.16211224015427156, 0.003238935435125819, 0.06775680493998591, 0.6976753180162715, 0.03616214609235242, 0.5323089710496574, 0.8866459393758859, 0.4554627198036538, 0.4339796721042215]
[0.39553478084435606, 0.06538369984587301, 0.0035913941065652557, 0.06002502171582977, 0.6644985145806122, 0.08476818680250013, 0.5303261160692043, 0.8829794689377958, 0.5156623592437402, 0.429098620086535]
[0.3835979874318619, 0.09214234437195257, 0.0033204818657234696, 0.06012953830778552, 0.6917515307479347, 0.13788439091262222, 0.5378229113919246, 0.8819986279582136, 0.53469868701666, 0.43025604376068666]
[0.33790684473973526, 0.6117979392091174, 0.001695461850428925, 0.015706958824321087, 0.7406441208623059, 0.257936587382649, 0.4572162058991261, 0.8825744672352667, 0.5499675182219553, 0.5015364903605009]
[0.36485472787628703, 0.6055600970508496, 0.0013284229230174096, 0.38170934715855553, 0.040478811190865265, 0.13471540190716766, 0.4983105693014526, 0.8856535477346511, 0.46130734597428935, 0.5316677257098462]
[0.3606102895852258, 0.521743271990533, 0.0015561219860046013, 0.5223881187934388, 0.17450556235729375, 0.24206900217795288, 0.418993197755586, 0.883070438473267, 0.5460866408841657, 0.5310198440290456]
[0.3455238469833307, 0.5096006111839141, 0.0013208227163183925, 0.5221333913881974, 0.399318240041279, 0.26471598581651085, 0.46800227010041795, 0.8830069987634516, 0.5442467404362622, 0.5240525737295691]
[0.3418812889761436, 0.5316957376396838, 0.0013570856544275628, 0.18767869236538207, 0.15302733605577004, 0.2439811818355176, 0.48303528454772876, 0.8835169603521009, 0.5284089130881189, 0.49866033363282963]
[0.3551428140744437, 0.5893526842723946, 0.0015987830688361728, 0.416516078635881, 0.054874983085063875, 0.24609051732401627, 0.4877516098395108, 0.8853008264934894, 0.5354221595193814, 0.4976326081337103]
[0.3244066505890767, 0.5367662887547241, 0.0016732801616607593, 0.23935861593403468, 0.4033919719262695, 0.22635467608761323, 0.4689941165553078, 0.8803250245384301, 0.4884622849660428, 0.4693084046524786]
