[0.3725756411409675, 0.5460878293238841, 0.4888999309438783, 0.642288730957905, 0.5121100013432435, 0.32540573609825074, 0.6455177009469693, 0.24837310348496403, 0.23249001203940728, 0.0846177962200816]
[0.39478925541223026, 0.42645033450637365, 0.37397040477207294, 0.6476195670640064, 0.515288373952305, 0.3701658480583227, 0.5436179498202145, 0.4184393427757332, 0.149232279319236, 0.626893277351047]
[0.4109157584131969, 0.0818097856604497, 0.3824990121355504, 0.6465621515152121, 0.6176649899327769, 0.3775818524618179, 0.5271776598578634, 0.39864644140028593, 0.16496914950778285, 0.63727816274658]
[0.4255553915288722, 0.8076883098114703, 0.3775477348662692, 0.566455238625344, 0.2153776661291877, 0.290735944512358, 0.5505516477785165, 0.41029943045851874, 0.18086776903745055, 0.6404729812610025]
[0.4192077449032476, 0.895923579399264, 0.3763798027099511, 0.788864080947315, 0.9294114104411256, 0.36160428604347433, 0.5056682123235918, 0.41543064879528224, 0.17387812197157215, 0.6520184198195552]
[0.38909514421017743, 0.9054166625454788, 0.2520819192782724, 0.8171163487743061, 0.6622068754517594, 0.05520358494693783, 0.523827671047932, 0.2541183154958616, 0.34700622322748953, 0.7666163805736839]
[0.4586452246517077, 0.8785077409478562, 0.4749601119208557, 0.7256647898747343, 0.9238261590420387, 0.40197122558158127, 0.5329617037080794, 0.32636969097720475, 0.2871116532715088, 0.6980066705019129]
[0.5309249550506473, 0.8890350531141493, 0.4922966949725034, 0.7434108204856137, 0.9041330330830889, 0.26977881935259684, 0.5413884831485972, 0.4380946471537186, 0.3817912633651789, 0.7253417776517015]
[0.3332496917609661, 0.9039888479975452, 0.4870627792183019, 0.7966929841651798, 0.9143114828314162, 0.5840423429111459, 0.5475298929133783, 0.3510965106063975, 0.5432606561398854, 0.7345347211017952]
[0.4746187483379467, 0.8886299362919302, 0.36316580872414883, 0.7715605462967008, 0.9167469646729755, 0.3920169721061156, 0.508683372250249, 0.33890572436819744, 0.5322697192851248, 0.7183742887704593]
[0.5494365505525406, 0.8847595974102354, 0.06734187071708586, 0.767664637362573, 0.9159648998411015, 0.3469513952219205, 0.5778468672220698, 0.3779595004137464, 0.5288528173271806, 0.7141030745689033]
[0.12442263047599957, 0.9107951735602491, 0.002242289715862705, 0.7909367289090952, 0.919369433793222, 0.04760798791702645, 0.5711886525483966, 0.43896275379624683, 0.5325856208461602, 0.7411280075858022]
[0.13722581240250928, 0.8944629821416263, 0.0035051411511094533, 0.7516579561346904, 0.918764662410227, 0.20045380775107507, 0.5757298409456509, 0.45651887886319614, 0.49842462465287035, 0.72841352810319]
[0.14276690482896134, 0.907139129901033, 0.0034833717264742044, 0.7670830738928519, 0.914566180046021, 0.11289476675386251, 0.5693390043822085, 0.43302310614495526, 0.5174693647690438, 0.7400593016164229]
[0.14528486422200781, 0.9145892944293428, 0.0006972594919493694, 0.785783009246756, 0.9151985251974261, 0.08036538411506032, 0.49772451039677806, 0.44166268238814127, 0.5191390429811423, 0.7493415891445432]
[0.11482303927781076, 0.9007131067258384, 0.01291402204465031, 0.7580257245097969, 0.9147309011878137, 0.13594441946472613, 0.5461421429396741, 0.4596018001682884, 0.5075980941368501, 0.7367639134818671]
[0.14436002083987853, 0.9064196668265281, 0.0533684101809475, 0.7872058743286277, 0.9037840063898386, 0.035953021826200963, 0.5374628714016219, 0.42893057054269607, 0.5260271259607961, 0.7365857908619218]
[0.5490831113001684, 0.9156192323573887, 0.048192582703520476, 0.7537848357880539, 0.9142433328371894, 0.6389417666723299, 0.5714229817339727, 0.40371989450185825, 0.5586727274442862, 0.733182961439523]
[0.4714933027642339, 0.9129216578556701, 0.06361443348110926, 0.7407737793771595, 0.8947271582038026, 0.6559569738178203, 0.5914442972157197, 0.4346362297932696, 0.5608477881468388, 0.7424529552692539]
[0.3840711483718284, 0.8941903152738297, 0.0005091373897935317, 0.7358484133555332, 0.9007689895644572, 0.6743765245313005, 0.5213397233083562, 0.3146306492680001, 0.5677897039135722, 0.5704627504490009]
[0.40825799173604005, 0.901745736357135, 0.007889711958705546, 0.7539001040160879, 0.8654381983293394, 0.705527160426374, 0.5849843620084733, 0.3071711188236156, 0.5262416033161648, 0.5243162055683833]
[0.05354452748930778, 0.8729185210459978, 0.2781356131279833, 0.6393787544240487, 0.914718116092104, 0.33422227934633075, 0.5929043287092871, 0.36240202220689177, 0.5835723089493304, 0.6446638131559914]
[0.3055152897798149, 0.9181379293823874, 0.2672910266892008, 0.6753514076435185, 0.9062515944226701, 0.6571737867405918, 0.5704770986073562, 0.42081259229428813, 0.549056556394492, 0.7101785329615616]
[0.04524567308805417, 0.8763716564958991, 0.28704977574338125, 0.7398665988956188, 0.8893907329126086, 0.32484655915189675, 0.5595301200002923, 0.26589610436829786, 0.6087048835843304, 0.49510094630581697]
[0.15651430358208182, 0.9114320356364709, 0.33785809121330157, 0.7104704883149796, 0.8626599570603287, 0.7422460561535178, 0.5738921014698949, 0.12764877920257112, 0.48450072571724767, 0.6569186267906587]
[0.11283402165671548, 0.8947439500983184, 0.2204333389529798, 0.6985226153148075, 0.845812438096553, 0.740752305983194, 0.5584470163684391, 0.1784575938563293, 0.5389789023693787, 0.6925319466278551]
[0.19071690228983582, 0.866546837298686, 0.06659669617087101, 0.7202987720780263, 0.7747356451050829, 0.6848080451283328, 0.5035882407509729, 0.2033462269185184, 0.5666957877758527, 0.6139046279684762]
[0.10578457621365614, 0.8684688999494693, 0.12790741858053487, 0.7632033762328634, 0.8552942716522867, 0.7049911551305073, 0.5312679997610738, 0.4012284405851377, 0.7716334945704144, 0.6529047752048698]
[0.2738790996899459, 0.8425526951899381, 0.19324193647856697, 0.6128806556122928, 0.879326460430256, 0.7365449472831431, 0.576008372819769, 0.7680970000699626, 0.7822909981761733, 0.733944908377219]
[0.1762532039424501, 0.8688664569123489, 0.11950681321762659, 0.7258032688247764, 0.9190700421179158, 0.708833167463368, 0.582909702908843, 0.7538016793543576, 0.7901127246708333, 0.7218292301274097]
[0.4364178541378122, 0.8633777986613296, 0.007834556196414558, 0.7143197656079174, 0.9084965901929808, 0.7136337674918685, 0.5701878525002784, 0.7652884698431963, 0.7841364114735639, 0.7130400129622151]
[0.3780895281376065, 0.8485455816530799, 0.018038677884376183, 0.7138207246294261, 0.9162163637209555, 0.725598038797593, 0.5599861932310174, 0.7703709369098558, 0.7881789063375184, 0.6535511860866964]
[0.3635867447416971, 0.8373670079767251, 0.003011962986958058, 0.6983915513999596, 0.9213483611795522, 0.7528536553184721, 0.320495148437441, 0.7779729869389508, 0.7987084635126847, 0.6183653545182025]
[0.4214403838355719, 0.8476498289903426, 0.013248615676984437, 0.7695905288964308, 0.920151104740377, 0.7926454720508931, 0.26744349340569223, 0.776954365545722, 0.8005865665320299, 0.652932074646153]
[0.4220730278450979, 0.824941703129281, 0.04376016177689441, 0.70682922785822, 0.9172738652244621, 0.7680818726858155, 0.4381637247403912, 0.7809775223681082, 0.8006777464480973, 0.5743679754120327]
[0.3777362477237986, 0.8463677935631148, 0.1330091224918502, 0.6976529810353655, 0.9255375017520024, 0.7625251980170157, 0.4191733103457415, 0.7814417627389454, 0.8026418936650989, 0.6181520696238281]
[0.23299130287176228, 0.8322338067781516, 0.2639572900882599, 0.6189129901125252, 0.774085293313613, 0.6865615415207085, 0.4278142527861971, 0.701731105651622, 0.8056865481143158, 0.6948972791128305]
[0.31759851408827944, 0.8250994683750686, 0.06205333519300491, 0.5496698100488542, 0.8210762465421294, 0.6852524219934113, 0.44419089166339704, 0.7369699026348432, 0.7890695656437542, 0.7781611256922238]
[0.3130809997793937, 0.8718492164902875, 0.055632112462182595, 0.659882918895674, 0.8731768947334217, 0.6417474773813995, 0.4642625231434251, 0.6722070647292834, 0.8018299977930277, 0.7331162019940115]
[0.4609437404971743, 0.8702947210084038, 0.041036649097491315, 0.740194103452319, 0.8947362411358368, 0.6389457573723499, 0.576965972603267, 0.7170712375085305, 0.7812602165726887, 0.7295141646874584]
[0.21607768602089183, 0.8769600423550085, 0.008395305667200707, 0.7512913125567281, 0.9183274170804213, 0.5391497166536732, 0.5959846460865763, 0.740338731330185, 0.7960935602007069, 0.6385792761588849]
[0.4971998978121923, 0.8747517598247659, 0.048144081092255125, 0.7527302230799178, 0.8589541777777501, 0.6861545021995594, 0.5811582439813592, 0.7616709864234219, 0.8021609867739784, 0.7101227481217075]
[0.48803744272726174, 0.8725090264157986, 0.054000463611469846, 0.7321505779808339, 0.8713136652525305, 0.6381518517320652, 0.6001375975132146, 0.7600379245603265, 0.7937406214988157, 0.7357289006602942]
[0.38901862908769386, 0.8800720663528323, 0.17847295672640384, 0.7455205797216553, 0.8608667852833278, 0.6922418057070565, 0.6001079768077204, 0.7566581499376072, 0.7969189778126436, 0.7532417418176973]
[0.3994015076535242, 0.875101247485929, 0.0034425547362769474, 0.735546372716879, 0.8672503499251876, 0.6684363208229542, 0.5893242847021717, 0.7587956534388552, 0.7902547690344206, 0.7367593605289539]
[0.3393679229983665, 0.8729508112639208, 0.33054335313167615, 0.7441502084797339, 0.8775836569978795, 0.6376322589724992, 0.5992540206798352, 0.7433939612086997, 0.7804577821943618, 0.7533646138149661]
[0.2478775841676911, 0.8703284730431952, 0.21581160509830144, 0.8019782847273568, 0.8708058924823882, 0.678306891461585, 0.5987879617152735, 0.7289883481668797, 0.790461092190755, 0.7204570339576527]
[0.2347014364667813, 0.8725747004319526, 0.24622529209069682, 0.8059683444247346, 0.910979775477119, 0.7107670558031098, 0.6013230650923965, 0.7373922151646574, 0.8004265006158128, 0.715876760095973]
[0.30535084213875124, 0.8676330693140893, 0.43227503556527447, 0.8048694462346431, 0.9092043796264271, 0.6944939805241852, 0.5985242346436648, 0.7181638167648243, 0.7903670921575622, 0.7601084936234522]
[0.42897198601395264, 0.845203728139608, 0.22843778983390384, 0.7522404382412047, 0.9190667254620905, 0.2317154411990029, 0.5986311918355443, 0.7493717453489814, 0.7241310204126918, 0.7556480205385923]
[0.461242392670682, 0.8219280743617066, 0.13332787542825697, 0.7071812921924631, 0.9213066051387749, 0.2953711463998035, 0.590677062958151, 0.731961187143884, 0.6915810359488971, 0.733887968985478]
[0.45430700113589384, 0.8268102210174737, 0.13722432446873423, 0.7150740185288774, 0.922789538063728, 0.28938173616163143, 0.5975843060352677, 0.7495349846400423, 0.7001318643325937, 0.7194895958162654]
[0.4474398968408582, 0.814559796749903, 0.08822473554581332, 0.6927544980841858, 0.919787705604168, 0.26320916421532264, 0.5328364561666764, 0.778060195579854, 0.7180668406273382, 0.5916206064454017]
[0.41731989877584147, 0.8212800894201833, 0.034735466395366815, 0.7209539579263932, 0.9226588039273644, 0.18691955573782856, 0.44876145498453873, 0.7774011733509173, 0.7293347735667247, 0.6648644874673075]
[0.5637322697508445, 0.8419989450148538, 0.0005168976976402042, 0.7408662554843999, 0.9220542087201069, 0.28055363271691225, 0.5930250605798281, 0.7677130876260054, 0.713487510458921, 0.7451467585602476]
[0.48990667962789425, 0.8176320073467284, 0.017599747523177365, 0.7154348389701494, 0.920828160176539, 0.25697149994902796, 0.4872426526776693, 0.7820001088743087, 0.7255084569515101, 0.7001875754874809]
[0.47429837481171166, 0.823232074553433, 0.1077258922341688, 0.744636098215955, 0.896244158106175, 0.26677794820117967, 0.4735360682003751, 0.7840727904738015, 0.7257843599456186, 0.7099306098148508]
[0.5066079960729913, 0.8165616582226691, 0.012059641071031423, 0.7277758622498345, 0.9168637051513218, 0.27496704961386703, 0.561206928110399, 0.7832212340090573, 0.719619288326522, 0.6256053291675738]
[0.4091878191176573, 0.8539778509517664, 0.05033267546142349, 0.7706561311861537, 0.8107214721318479, 0.20715754006628587, 0.5883832331149701, 0.7825709394080645, 0.7483034201881796, 0.7627950441915924]
[0.2006799411926092, 0.8543965928162655, 0.056510065152911, 0.749911336040221, 0.9213546962129127, 0.1324072445677951, 0.5730975234020368, 0.7876813676036383, 0.7699584209214472, 0.6408752990090855]
[0.3025974097501257, 0.8312311935574581, 0.2678933078575998, 0.7242114706203873, 0.9183105793570968, 0.28359470271805703, 0.5556012162854004, 0.7368183929233297, 0.6987337115972796, 0.7546603169661504]
[0.23244364311359086, 0.8240087215981666, 0.029380175770561182, 0.7347810793439513, 0.9176785094351687, 0.25763738667543157, 0.45301889156835157, 0.746707184757854, 0.7102158767364664, 0.7295271475273212]
[0.24879464636672893, 0.8697227827114371, 0.050708190278579146, 0.8258027567079396, 0.9144040554608988, 0.10393594052239996, 0.3910704645134097, 0.7651778876616103, 0.7850644592422121, 0.6428379637434283]
[0.40745001295384065, 0.8512422486849844, 0.00826067500678716, 0.7649778591009891, 0.9172427719800527, 0.23506199167200348, 0.5121562600376627, 0.7704666663148267, 0.7339067253691298, 0.4573214478233958]
[0.39770461272621, 0.8824254280240316, 0.003040650873781082, 0.8373729417485842, 0.9196679611925036, 0.07727476756840997, 0.3263052025069559, 0.7690037604474235, 0.7921579880065257, 0.2123418449548557]
[0.39368779749623767, 0.8496918277308364, 0.00033239257626125663, 0.7727842966705075, 0.9200243227654172, 0.19791523169033634, 0.31978449110060825, 0.7561923065593518, 0.7268809921672521, 0.19529210107679776]
[0.35700506156344564, 0.8169009374815331, 0.001725931764774469, 0.6937269183425078, 0.8988875564266686, 0.18005666589853042, 0.3031548531245866, 0.7450703210200385, 0.5546333122359856, 0.6841316048274615]
[0.378399172342726, 0.8292745613216287, 0.030538982352968497, 0.7304999969828855, 0.9127163380288676, 0.0858446184928603, 0.386717296059721, 0.6895264828376249, 0.4233292953134188, 0.7682062802660627]
[0.45752323937162065, 0.8360641290491299, 0.05097072902267774, 0.7397680101695975, 0.9160848665365627, 0.14478496493676235, 0.4344221400469399, 0.6934234723151853, 0.5459393553223253, 0.7580479037114901]
[0.5259270229325025, 0.8506900598427259, 0.06466781636444326, 0.7646099531474255, 0.9151163770962627, 0.8497011974019699, 0.5435358381159211, 0.6584945398940808, 0.729081970368867, 0.7054224427052088]
[0.40502816452959123, 0.8435889441160814, 0.06968384550604713, 0.7279629120357416, 0.9173332777826315, 0.8505401480514112, 0.6138924940780741, 0.6387549645173813, 0.7418842177852795, 0.2832370452658274]
[0.5138929113029927, 0.8399905443798417, 0.07875883150926029, 0.7227363891000864, 0.9168798431698751, 0.8526433901311075, 0.6529189318471319, 0.6330076614051215, 0.7419996493613322, 0.44589954656773806]
[0.5863435207856411, 0.8363846743805278, 0.07164222099047177, 0.732530757141149, 0.9164237040115752, 0.8399132368580151, 0.5985148583489648, 0.6061039063578957, 0.6934819870407818, 0.2460095170732685]
[0.048532878089197436, 0.8439223516024663, 0.23387758525206392, 0.7221253552584179, 0.9175373967030553, 0.4016935778997961, 0.6281597210065716, 0.635840825542515, 0.6731073572603148, 0.24395374117438692]
[0.0345439038087168, 0.8392804698508841, 0.33525835550999145, 0.7313777742855343, 0.9058408917844418, 0.6191367086769746, 0.6316679035436625, 0.6540014390173234, 0.7394073251633033, 0.24802040475038162]
[0.5211977954297472, 0.8195013397036696, 0.10316133080775099, 0.7108596765731764, 0.9088634374493019, 0.7931812550148744, 0.5874899203744796, 0.6634995121834452, 0.7237245347061031, 0.25784589319604284]
[0.21258715308753529, 0.8434306078842077, 0.4060397164760181, 0.7226689137582253, 0.9095251037921097, 0.6755065565470137, 0.6651209536740424, 0.6691681059326676, 0.756285821769529, 0.2531980608735509]
[0.2665407315897594, 0.7980438591994551, 0.24011621417631257, 0.6949210712555365, 0.9103055245170552, 0.507936375956415, 0.6177918262872901, 0.638872111841856, 0.7465170440411779, 0.25225336611141225]
[0.08383119176420452, 0.838944281576336, 0.41614068866063864, 0.637318164651935, 0.9161752536925618, 0.3419524574660776, 0.6814138239393434, 0.7200196666855654, 0.7911565317004292, 0.1866815160013529]
[0.08699229683606527, 0.7971009503676084, 0.39472773200265154, 0.5339841790062038, 0.896266507925465, 0.29706860483306063, 0.5222784512179092, 0.7461892077635235, 0.7695456414505392, 0.07902851508546685]
[0.38417538602451595, 0.8444843078509293, 0.24032865337550385, 0.7339634650356335, 0.9122082528241008, 0.8711169862633608, 0.6579862776990882, 0.6817857693714816, 0.7635340985915884, 0.20376583973914894]
[0.41399242597791097, 0.8451829036720758, 0.20494109993506873, 0.7336968631287497, 0.9153504423364213, 0.8738256479870363, 0.664539503325054, 0.6817064566925768, 0.7632667733632521, 0.20553634082714523]
[0.35484651573982673, 0.822476204317684, 0.16566681728470778, 0.7257054490125934, 0.9147186796309158, 0.8784217477486645, 0.5981424893142313, 0.6436368500728785, 0.7417372047834375, 0.23370940908886853]
[0.5503304087337686, 0.8421431397633287, 0.3498426348677858, 0.7567016209201795, 0.9167953335865353, 0.8841837632319777, 0.5644774140587265, 0.6922655300841881, 0.7711554024905393, 0.14681357939645917]
[0.6632128515925624, 0.8107267210389396, 0.3934031987084042, 0.7563463493323777, 0.9168179634383052, 0.8896369976052346, 0.5571346131038288, 0.6946105568835692, 0.770149392071875, 0.043460340882289554]
[0.6754312524285521, 0.8576420706079502, 0.4017463689815519, 0.7552030996262808, 0.9170828653895756, 0.8929661798728432, 0.587039708539489, 0.7001387730742766, 0.7700933149300057, 0.3342901491419405]
[0.6602708560105557, 0.8689117962895754, 0.035082620822702734, 0.7910146974196374, 0.9169218222662001, 0.8949077869942519, 0.41967008534604355, 0.729283353471506, 0.7837486650946726, 0.5737510991546769]
[0.583540104040882, 0.8330321757645622, 0.031702490902863, 0.7208078865678711, 0.9083434534656469, 0.8843762891811382, 0.6959383205745594, 0.6983825215987868, 0.7541996478087104, 0.5589764261897905]
[0.6054241463510931, 0.8456956365784496, 0.07571573680965145, 0.707491006528572, 0.8967313687165629, 0.8945639801972641, 0.6926780688401546, 0.7232555626053887, 0.7791705071938229, 0.5313078835853514]
[0.6482945533917777, 0.833680854457847, 0.008805007261935576, 0.7195966852400244, 0.9145946826013551, 0.8898782368160643, 0.6430144666204367, 0.6373461736940007, 0.7267303824437681, 0.3120314450789464]
[0.7182734918332085, 0.7532843465360646, 0.005029491012268236, 0.6294460807192822, 0.9311756381596112, 0.9147566435009521, 0.30179344883634457, 0.707773158973473, 0.7646455454911046, 0.14271121493469585]
[0.6423879759093988, 0.7326436369489321, 0.007773270210722541, 0.5677912950214521, 0.9307522016469097, 0.9124413748689044, 0.16629051034393363, 0.6572718008838524, 0.7393438250364318, 0.3012940916288653]
[0.7569034405100372, 0.8159008917883176, 0.0022208092560572408, 0.43433723839124877, 0.8196343753529715, 0.8699771772352254, 0.5313948854410737, 0.7218314372820109, 0.7725957312025394, 0.0810227153452049]
[0.7486906093969056, 0.8134223541139173, 0.003351215268209522, 0.43633474022082946, 0.8268941982720899, 0.8662491058262808, 0.6611176701343954, 0.7105548885141558, 0.7477016849453113, 0.4608703648606768]
[0.38036490085686414, 0.7840293203633599, 0.0005299584822877529, 0.4548513466494667, 0.8327510774994972, 0.8646843072022677, 0.6401791383274427, 0.6449032817050672, 0.6350010469247032, 0.5499674976985154]
[0.3567079619101935, 0.7938035626413847, 0.0015259655438522423, 0.45040284718330764, 0.8301053540407012, 0.862684653902675, 0.6247705608377288, 0.637021314083624, 0.623175101671079, 0.5325739086758801]
[0.5147117712136039, 0.8204183330611482, 0.0023977837406859094, 0.4472200198991324, 0.8307624222081574, 0.8704469243568493, 0.5110495867387816, 0.7048374642258185, 0.7547843211533213, 0.697690527376687]
[0.586756461119233, 0.8182185729149485, 0.00840742900482185, 0.42333678934070895, 0.8173167860212613, 0.8590266307723389, 0.5636049862170496, 0.7203014668910931, 0.7157936325849898, 0.6551127531329662]
[0.30933289819489695, 0.8260181359716777, 0.02604474599520483, 0.4324692301922201, 0.8377451425040543, 0.7965018758714484, 0.5883974602543618, 0.7455659927841896, 0.7815625365530289, 0.7236185123446484]
[0.48756076084703814, 0.816466426870007, 0.042036152113202024, 0.39190573103844506, 0.8057559461283789, 0.842876452343164, 0.6097860896060957, 0.7150149836276325, 0.7432179057460992, 0.7364241445371801]
