[0.21784412352701663, 0.030555924101220315, 0.40224236432664373, 0.10997467492083078, 0.01941270344176366, 0.010845720646764803, 0.1267506071997653, 0.8164052629229185, 0.0315661747136837, 0.013784162208821678]
[0.18868339376153542, 0.08838311252738991, 0.41540717964958257, 0.10985985606053157, 0.07490695345712242, 0.02103831078163288, 0.0816780840238512, 0.7043925306148197, 0.05455542258622881, 0.020036690967305402]
[0.1544568134558347, 0.09882001930896943, 0.3851371094096716, 0.0022332233234084848, 0.10699842062362436, 0.02813913195983382, 0.08011326585348426, 0.6767195367099762, 0.018757114839339013, 0.020034522555923452]
[0.01769715041658382, 0.08911118225681125, 0.15090125825456696, 0.003162095541712432, 0.06294997438073931, 0.024811749601390074, 0.09203640158460598, 0.7762724507628479, 0.003964234988211318, 0.022768821812628317]
[0.5383560232082357, 0.1291061547820302, 0.1396366240886246, 0.00253118650305769, 0.05557478312176989, 0.11898379926146045, 0.08148068651184198, 0.6946981320865864, 0.01608885908930195, 0.005491410893259241]
[0.259883718772977, 0.1218494593867205, 0.08653786173136702, 0.003200517940957814, 0.1353429064519661, 0.17933136887940787, 0.3155680058616511, 0.7137027189335341, 0.008839324166660723, 0.04470005275518918]
[0.4506251354076832, 0.031141881471768718, 0.1568392113639903, 8.460102023936841e-05, 0.0015312385393314528, 0.2361876454571677, 0.05185448240589991, 0.8278653423114312, 0.0012161364944955444, 0.025754804586819467]
[0.45839554016704087, 0.18303865752973125, 0.18260964710864666, 0.00470643787113584, 0.17245002866728423, 0.14007445956447248, 0.08774659233329729, 0.610033762198025, 0.01434279245641222, 0.061847872798861704]
[0.3807647402898204, 0.09886171225620898, 0.06542756160763528, 0.0022553807499207947, 0.135375208824026, 0.22249555643267407, 0.4884494583645662, 0.7659631807080988, 0.009629065261573522, 0.034163703508838225]
[0.5114313826146832, 0.22790725679307702, 0.33473478543487445, 0.00292995191415435, 0.10530867269751291, 0.3663516672834017, 0.41081165042161477, 0.6942113411236815, 0.0155824017047415, 0.05213506011237588]
[0.5282032979136934, 0.3481774123211548, 0.47565829091184536, 0.005195382701801223, 0.12262533566353369, 0.15126023485398837, 0.1846068989037404, 0.5583370630878433, 0.01390493394990208, 0.06389824560115209]
[0.40855258568593933, 0.337423134983825, 0.33512076928828366, 0.2898968405996937, 0.1865204918431425, 0.09211253502367943, 0.19407090632346385, 0.588960747790511, 0.020830513311486335, 0.0614856829523222]
[0.3603170401444392, 0.11583410306993072, 0.06345236184105375, 0.05355173865036507, 0.13443857812612012, 0.19720987727811967, 0.7318605821664229, 0.7751222530161428, 0.015320176830345216, 0.039605998746439025]
[0.4038286626620899, 0.13550140380400705, 0.2319500793995006, 0.0636501495743808, 0.08497060100879004, 0.4188113042261817, 0.6791246948915762, 0.7391148928697797, 0.023179398569155657, 0.05355103236484835]
[0.4081683935416559, 0.16038457303416556, 0.24796406105826013, 0.12381875874121011, 0.25919151271790475, 0.11344612452769139, 0.5188292521041008, 0.6399670029322518, 0.022209996086539535, 0.06129546911573242]
[0.427126187893752, 0.20047408736257893, 0.26899870468286247, 0.5232613910003318, 0.13526099837104036, 0.10021746573275307, 0.07894403382092423, 0.6332735499091479, 0.022236347918626984, 0.052827231684115496]
[0.344604502973804, 0.09833778361923731, 0.06366932435907313, 0.25119462542613424, 0.11031593674439986, 0.19778938619282485, 0.5176934983506118, 0.7761724789215243, 0.0158652143227491, 0.03444009240505803]
[0.4415982197593281, 0.22537493342555112, 0.2679111036247123, 0.33768322036297865, 0.08949246416243165, 0.37740725657514657, 0.4518470469311962, 0.7067586332308987, 0.022570983809113754, 0.0535301207210284]
[0.4419582691719007, 0.33749516712315647, 0.34652951264224313, 0.374990800217483, 0.24048472047936498, 0.09758113893347586, 0.2170524172135814, 0.5791200400423606, 0.021985385399978914, 0.06261417710852968]
[0.3655854728781993, 0.12182988112541035, 0.062315516764887065, 0.07652446240823195, 0.1580367918946875, 0.19376373917725956, 0.3922339469641198, 0.7682592947276713, 0.014954386776107102, 0.03521051082547251]
[0.40353926980653915, 0.15471221259669138, 0.24060867952642576, 0.09724746849058415, 0.11014029843098207, 0.38173925832834726, 0.3132018334357834, 0.7282477225913007, 0.022097017828230207, 0.05081111667516316]
[0.40269132560696164, 0.2075753772929843, 0.2561102532568455, 0.01607888738836982, 0.26233097374639447, 0.09370371704736297, 0.118224956795584, 0.6217940250734523, 0.020540951007360548, 0.06236661137565962]
[0.33548744271002146, 0.09815872939887979, 0.061839370156477544, 0.00419883181415841, 0.20410834629240315, 0.18311894578311194, 0.5141331251936092, 0.7683068489738751, 0.016411701601533598, 0.03403693372123539]
[0.4050280221232132, 0.204378237521832, 0.25837974233796446, 0.28266967641921104, 0.22345585574932303, 0.09374124945926858, 0.2210822607212462, 0.6125847077823264, 0.023475287589785485, 0.060633196396067644]
[0.3411553283614233, 0.09741248379382864, 0.062344881843954016, 0.07254093710514468, 0.1503223397784442, 0.1929491240269242, 0.38140058542922917, 0.7757212486203248, 0.01523403941324779, 0.03401599838876699]
[0.43969045085787634, 0.22658627614499416, 0.265926292721033, 0.10488560513029788, 0.11419433885456559, 0.3575088375252866, 0.31893946811093943, 0.708585618362383, 0.02139047187832975, 0.05348045924404561]
[0.43869763754518276, 0.3469736101015172, 0.34260193051019144, 0.02202727502754703, 0.2863882387225675, 0.09803911262975265, 0.1105079085737979, 0.5862871812998196, 0.019192563334795222, 0.06474195102514248]
[0.3589269041508439, 0.12266713451207674, 0.0626906163593439, 0.004517138075628686, 0.2186095629038901, 0.18338695695379725, 0.5272169296718777, 0.7607503705726123, 0.01611254478189622, 0.03524105631536131]
[0.4419582691719007, 0.33749516712315647, 0.34652951264224313, 0.374990800217483, 0.24048472047936498, 0.09758113893347586, 0.2170524172135814, 0.5791200400423606, 0.021985385399978914, 0.06261417710852968]
[0.3655854728781993, 0.12182988112541035, 0.062315516764887065, 0.07652446240823195, 0.1580367918946875, 0.19376373917725956, 0.3922339469641198, 0.7682592947276713, 0.014954386776107102, 0.03521051082547251]
[0.40353926980653915, 0.15471221259669138, 0.24060867952642576, 0.09724746849058415, 0.11014029843098207, 0.38173925832834726, 0.3132018334357834, 0.7282477225913007, 0.022097017828230207, 0.05081111667516316]
[0.40269132560696164, 0.2075753772929843, 0.2561102532568455, 0.01607888738836982, 0.26233097374639447, 0.09370371704736297, 0.118224956795584, 0.6217940250734523, 0.020540951007360548, 0.06236661137565962]
[0.33548744271002146, 0.09815872939887979, 0.061839370156477544, 0.00419883181415841, 0.20410834629240315, 0.18311894578311194, 0.5141331251936092, 0.7683068489738751, 0.016411701601533598, 0.03403693372123539]
[0.4050280221232132, 0.204378237521832, 0.25837974233796446, 0.28266967641921104, 0.22345585574932303, 0.09374124945926858, 0.2210822607212462, 0.6125847077823264, 0.023475287589785485, 0.060633196396067644]
[0.3411553283614233, 0.09741248379382864, 0.062344881843954016, 0.07254093710514468, 0.1503223397784442, 0.1929491240269242, 0.38140058542922917, 0.7757212486203248, 0.01523403941324779, 0.03401599838876699]
[0.43969045085787634, 0.22658627614499416, 0.265926292721033, 0.10488560513029788, 0.11419433885456559, 0.3575088375252866, 0.31893946811093943, 0.708585618362383, 0.02139047187832975, 0.05348045924404561]
[0.43869763754518276, 0.3469736101015172, 0.34260193051019144, 0.02202727502754703, 0.2863882387225675, 0.09803911262975265, 0.1105079085737979, 0.5862871812998196, 0.019192563334795222, 0.06474195102514248]
[0.3589269041508439, 0.12266713451207674, 0.0626906163593439, 0.004517138075628686, 0.2186095629038901, 0.18338695695379725, 0.5272169296718777, 0.7607503705726123, 0.01611254478189622, 0.03524105631536131]
[0.4419582691719007, 0.33749516712315647, 0.34652951264224313, 0.374990800217483, 0.24048472047936498, 0.09758113893347586, 0.2170524172135814, 0.5791200400423606, 0.021985385399978914, 0.06261417710852968]
[0.3655854728781993, 0.12182988112541035, 0.062315516764887065, 0.07652446240823195, 0.1580367918946875, 0.19376373917725956, 0.3922339469641198, 0.7682592947276713, 0.014954386776107102, 0.03521051082547251]
[0.40353926980653915, 0.15471221259669138, 0.24060867952642576, 0.09724746849058415, 0.11014029843098207, 0.38173925832834726, 0.3132018334357834, 0.7282477225913007, 0.022097017828230207, 0.05081111667516316]
[0.40269132560696164, 0.2075753772929843, 0.2561102532568455, 0.01607888738836982, 0.26233097374639447, 0.09370371704736297, 0.118224956795584, 0.6217940250734523, 0.020540951007360548, 0.06236661137565962]
[0.33548744271002146, 0.09815872939887979, 0.061839370156477544, 0.00419883181415841, 0.20410834629240315, 0.18311894578311194, 0.5141331251936092, 0.7683068489738751, 0.016411701601533598, 0.03403693372123539]
[0.4050280221232132, 0.204378237521832, 0.25837974233796446, 0.28266967641921104, 0.22345585574932303, 0.09374124945926858, 0.2210822607212462, 0.6125847077823264, 0.023475287589785485, 0.060633196396067644]
[0.3411553283614233, 0.09741248379382864, 0.062344881843954016, 0.07254093710514468, 0.1503223397784442, 0.1929491240269242, 0.38140058542922917, 0.7757212486203248, 0.01523403941324779, 0.03401599838876699]
[0.43969045085787634, 0.22658627614499416, 0.265926292721033, 0.10488560513029788, 0.11419433885456559, 0.3575088375252866, 0.31893946811093943, 0.708585618362383, 0.02139047187832975, 0.05348045924404561]
[0.43869763754518276, 0.3469736101015172, 0.34260193051019144, 0.02202727502754703, 0.2863882387225675, 0.09803911262975265, 0.1105079085737979, 0.5862871812998196, 0.019192563334795222, 0.06474195102514248]
[0.3589269041508439, 0.12266713451207674, 0.0626906163593439, 0.004517138075628686, 0.2186095629038901, 0.18338695695379725, 0.5272169296718777, 0.7607503705726123, 0.01611254478189622, 0.03524105631536131]
[0.4419582691719007, 0.33749516712315647, 0.34652951264224313, 0.374990800217483, 0.24048472047936498, 0.09758113893347586, 0.2170524172135814, 0.5791200400423606, 0.021985385399978914, 0.06261417710852968]
[0.3655854728781993, 0.12182988112541035, 0.062315516764887065, 0.07652446240823195, 0.1580367918946875, 0.19376373917725956, 0.3922339469641198, 0.7682592947276713, 0.014954386776107102, 0.03521051082547251]
[0.40353926980653915, 0.15471221259669138, 0.24060867952642576, 0.09724746849058415, 0.11014029843098207, 0.38173925832834726, 0.3132018334357834, 0.7282477225913007, 0.022097017828230207, 0.05081111667516316]
[0.40269132560696164, 0.2075753772929843, 0.2561102532568455, 0.01607888738836982, 0.26233097374639447, 0.09370371704736297, 0.118224956795584, 0.6217940250734523, 0.020540951007360548, 0.06236661137565962]
[0.33548744271002146, 0.09815872939887979, 0.061839370156477544, 0.00419883181415841, 0.20410834629240315, 0.18311894578311194, 0.5141331251936092, 0.7683068489738751, 0.016411701601533598, 0.03403693372123539]
[0.4050280221232132, 0.204378237521832, 0.25837974233796446, 0.28266967641921104, 0.22345585574932303, 0.09374124945926858, 0.2210822607212462, 0.6125847077823264, 0.023475287589785485, 0.060633196396067644]
[0.3411553283614233, 0.09741248379382864, 0.062344881843954016, 0.07254093710514468, 0.1503223397784442, 0.1929491240269242, 0.38140058542922917, 0.7757212486203248, 0.01523403941324779, 0.03401599838876699]
[0.43969045085787634, 0.22658627614499416, 0.265926292721033, 0.10488560513029788, 0.11419433885456559, 0.3575088375252866, 0.31893946811093943, 0.708585618362383, 0.02139047187832975, 0.05348045924404561]
[0.43869763754518276, 0.3469736101015172, 0.34260193051019144, 0.02202727502754703, 0.2863882387225675, 0.09803911262975265, 0.1105079085737979, 0.5862871812998196, 0.019192563334795222, 0.06474195102514248]
[0.3589269041508439, 0.12266713451207674, 0.0626906163593439, 0.004517138075628686, 0.2186095629038901, 0.18338695695379725, 0.5272169296718777, 0.7607503705726123, 0.01611254478189622, 0.03524105631536131]
[0.4419582691719007, 0.33749516712315647, 0.34652951264224313, 0.374990800217483, 0.24048472047936498, 0.09758113893347586, 0.2170524172135814, 0.5791200400423606, 0.021985385399978914, 0.06261417710852968]
[0.3655854728781993, 0.12182988112541035, 0.062315516764887065, 0.07652446240823195, 0.1580367918946875, 0.19376373917725956, 0.3922339469641198, 0.7682592947276713, 0.014954386776107102, 0.03521051082547251]
[0.40353926980653915, 0.15471221259669138, 0.24060867952642576, 0.09724746849058415, 0.11014029843098207, 0.38173925832834726, 0.3132018334357834, 0.7282477225913007, 0.022097017828230207, 0.05081111667516316]
[0.40269132560696164, 0.2075753772929843, 0.2561102532568455, 0.01607888738836982, 0.26233097374639447, 0.09370371704736297, 0.118224956795584, 0.6217940250734523, 0.020540951007360548, 0.06236661137565962]
[0.33548744271002146, 0.09815872939887979, 0.061839370156477544, 0.00419883181415841, 0.20410834629240315, 0.18311894578311194, 0.5141331251936092, 0.7683068489738751, 0.016411701601533598, 0.03403693372123539]
[0.4050280221232132, 0.204378237521832, 0.25837974233796446, 0.28266967641921104, 0.22345585574932303, 0.09374124945926858, 0.2210822607212462, 0.6125847077823264, 0.023475287589785485, 0.060633196396067644]
[0.3411553283614233, 0.09741248379382864, 0.062344881843954016, 0.07254093710514468, 0.1503223397784442, 0.1929491240269242, 0.38140058542922917, 0.7757212486203248, 0.01523403941324779, 0.03401599838876699]
[0.43969045085787634, 0.22658627614499416, 0.265926292721033, 0.10488560513029788, 0.11419433885456559, 0.3575088375252866, 0.31893946811093943, 0.708585618362383, 0.02139047187832975, 0.05348045924404561]
[0.43869763754518276, 0.3469736101015172, 0.34260193051019144, 0.02202727502754703, 0.2863882387225675, 0.09803911262975265, 0.1105079085737979, 0.5862871812998196, 0.019192563334795222, 0.06474195102514248]
[0.3589269041508439, 0.12266713451207674, 0.0626906163593439, 0.004517138075628686, 0.2186095629038901, 0.18338695695379725, 0.5272169296718777, 0.7607503705726123, 0.01611254478189622, 0.03524105631536131]
[0.4419582691719007, 0.33749516712315647, 0.34652951264224313, 0.374990800217483, 0.24048472047936498, 0.09758113893347586, 0.2170524172135814, 0.5791200400423606, 0.021985385399978914, 0.06261417710852968]
[0.3655854728781993, 0.12182988112541035, 0.062315516764887065, 0.07652446240823195, 0.1580367918946875, 0.19376373917725956, 0.3922339469641198, 0.7682592947276713, 0.014954386776107102, 0.03521051082547251]
[0.40353926980653915, 0.15471221259669138, 0.24060867952642576, 0.09724746849058415, 0.11014029843098207, 0.38173925832834726, 0.3132018334357834, 0.7282477225913007, 0.022097017828230207, 0.05081111667516316]
[0.40269132560696164, 0.2075753772929843, 0.2561102532568455, 0.01607888738836982, 0.26233097374639447, 0.09370371704736297, 0.118224956795584, 0.6217940250734523, 0.020540951007360548, 0.06236661137565962]
[0.33548744271002146, 0.09815872939887979, 0.061839370156477544, 0.00419883181415841, 0.20410834629240315, 0.18311894578311194, 0.5141331251936092, 0.7683068489738751, 0.016411701601533598, 0.03403693372123539]
[0.4050280221232132, 0.204378237521832, 0.25837974233796446, 0.28266967641921104, 0.22345585574932303, 0.09374124945926858, 0.2210822607212462, 0.6125847077823264, 0.023475287589785485, 0.060633196396067644]
[0.3411553283614233, 0.09741248379382864, 0.062344881843954016, 0.07254093710514468, 0.1503223397784442, 0.1929491240269242, 0.38140058542922917, 0.7757212486203248, 0.01523403941324779, 0.03401599838876699]
[0.43969045085787634, 0.22658627614499416, 0.265926292721033, 0.10488560513029788, 0.11419433885456559, 0.3575088375252866, 0.31893946811093943, 0.708585618362383, 0.02139047187832975, 0.05348045924404561]
[0.43869763754518276, 0.3469736101015172, 0.34260193051019144, 0.02202727502754703, 0.2863882387225675, 0.09803911262975265, 0.1105079085737979, 0.5862871812998196, 0.019192563334795222, 0.06474195102514248]
[0.3589269041508439, 0.12266713451207674, 0.0626906163593439, 0.004517138075628686, 0.2186095629038901, 0.18338695695379725, 0.5272169296718777, 0.7607503705726123, 0.01611254478189622, 0.03524105631536131]
[0.4419582691719007, 0.33749516712315647, 0.34652951264224313, 0.374990800217483, 0.24048472047936498, 0.09758113893347586, 0.2170524172135814, 0.5791200400423606, 0.021985385399978914, 0.06261417710852968]
[0.3655854728781993, 0.12182988112541035, 0.062315516764887065, 0.07652446240823195, 0.1580367918946875, 0.19376373917725956, 0.3922339469641198, 0.7682592947276713, 0.014954386776107102, 0.03521051082547251]
[0.40353926980653915, 0.15471221259669138, 0.24060867952642576, 0.09724746849058415, 0.11014029843098207, 0.38173925832834726, 0.3132018334357834, 0.7282477225913007, 0.022097017828230207, 0.05081111667516316]
[0.40269132560696164, 0.2075753772929843, 0.2561102532568455, 0.01607888738836982, 0.26233097374639447, 0.09370371704736297, 0.118224956795584, 0.6217940250734523, 0.020540951007360548, 0.06236661137565962]
[0.33548744271002146, 0.09815872939887979, 0.061839370156477544, 0.00419883181415841, 0.20410834629240315, 0.18311894578311194, 0.5141331251936092, 0.7683068489738751, 0.016411701601533598, 0.03403693372123539]
[0.4050280221232132, 0.204378237521832, 0.25837974233796446, 0.28266967641921104, 0.22345585574932303, 0.09374124945926858, 0.2210822607212462, 0.6125847077823264, 0.023475287589785485, 0.060633196396067644]
[0.3411553283614233, 0.09741248379382864, 0.062344881843954016, 0.07254093710514468, 0.1503223397784442, 0.1929491240269242, 0.38140058542922917, 0.7757212486203248, 0.01523403941324779, 0.03401599838876699]
[0.43969045085787634, 0.22658627614499416, 0.265926292721033, 0.10488560513029788, 0.11419433885456559, 0.3575088375252866, 0.31893946811093943, 0.708585618362383, 0.02139047187832975, 0.05348045924404561]
[0.43869763754518276, 0.3469736101015172, 0.34260193051019144, 0.02202727502754703, 0.2863882387225675, 0.09803911262975265, 0.1105079085737979, 0.5862871812998196, 0.019192563334795222, 0.06474195102514248]
[0.3589269041508439, 0.12266713451207674, 0.0626906163593439, 0.004517138075628686, 0.2186095629038901, 0.18338695695379725, 0.5272169296718777, 0.7607503705726123, 0.01611254478189622, 0.03524105631536131]
[0.4419582691719007, 0.33749516712315647, 0.34652951264224313, 0.374990800217483, 0.24048472047936498, 0.09758113893347586, 0.2170524172135814, 0.5791200400423606, 0.021985385399978914, 0.06261417710852968]
[0.3655854728781993, 0.12182988112541035, 0.062315516764887065, 0.07652446240823195, 0.1580367918946875, 0.19376373917725956, 0.3922339469641198, 0.7682592947276713, 0.014954386776107102, 0.03521051082547251]
[0.40353926980653915, 0.15471221259669138, 0.24060867952642576, 0.09724746849058415, 0.11014029843098207, 0.38173925832834726, 0.3132018334357834, 0.7282477225913007, 0.022097017828230207, 0.05081111667516316]
[0.40269132560696164, 0.2075753772929843, 0.2561102532568455, 0.01607888738836982, 0.26233097374639447, 0.09370371704736297, 0.118224956795584, 0.6217940250734523, 0.020540951007360548, 0.06236661137565962]
[0.33548744271002146, 0.09815872939887979, 0.061839370156477544, 0.00419883181415841, 0.20410834629240315, 0.18311894578311194, 0.5141331251936092, 0.7683068489738751, 0.016411701601533598, 0.03403693372123539]
[0.4050280221232132, 0.204378237521832, 0.25837974233796446, 0.28266967641921104, 0.22345585574932303, 0.09374124945926858, 0.2210822607212462, 0.6125847077823264, 0.023475287589785485, 0.060633196396067644]
[0.3411553283614233, 0.09741248379382864, 0.062344881843954016, 0.07254093710514468, 0.1503223397784442, 0.1929491240269242, 0.38140058542922917, 0.7757212486203248, 0.01523403941324779, 0.03401599838876699]
[0.43969045085787634, 0.22658627614499416, 0.265926292721033, 0.10488560513029788, 0.11419433885456559, 0.3575088375252866, 0.31893946811093943, 0.708585618362383, 0.02139047187832975, 0.05348045924404561]
[0.43869763754518276, 0.3469736101015172, 0.34260193051019144, 0.02202727502754703, 0.2863882387225675, 0.09803911262975265, 0.1105079085737979, 0.5862871812998196, 0.019192563334795222, 0.06474195102514248]
[0.3589269041508439, 0.12266713451207674, 0.0626906163593439, 0.004517138075628686, 0.2186095629038901, 0.18338695695379725, 0.5272169296718777, 0.7607503705726123, 0.01611254478189622, 0.03524105631536131]
[0.4419582691719007, 0.33749516712315647, 0.34652951264224313, 0.374990800217483, 0.24048472047936498, 0.09758113893347586, 0.2170524172135814, 0.5791200400423606, 0.021985385399978914, 0.06261417710852968]
[0.3655854728781993, 0.12182988112541035, 0.062315516764887065, 0.07652446240823195, 0.1580367918946875, 0.19376373917725956, 0.3922339469641198, 0.7682592947276713, 0.014954386776107102, 0.03521051082547251]
