[0.001104367210999229, 0.011437958653455068, 0.004417546077533713, 0.012620233131515442, 0.5248279122099974, 0.2088481348930031, 0.3177391358604602, 0.3861941312845792, 0.4937491866858872, 0.04467510584088637]
[0.11112165001260485, 0.012471435360840085, 0.004615681713108908, 0.014833733143738717, 0.5344864487304322, 0.21350152391818467, 0.4721036284292091, 0.3964742509513386, 0.5292275379659465, 0.7017367109805223]
[0.15878315811885768, 0.04785350702554533, 0.369103563662003, 0.026476583407907078, 0.7828296602054472, 0.3027674257455448, 0.5827236383787641, 0.25361099950627525, 0.5362247308895226, 0.7850682892073091]
[0.09604860901605082, 0.04206820896105274, 0.2541623504073264, 0.4024570956731698, 0.11663371697109069, 0.43296719008751733, 0.4959521198813526, 0.19259322931347267, 0.42589176410277413, 0.7589744957663298]
[0.10695074107544335, 0.03203108807401749, 0.017230143841810593, 0.36926801480103544, 0.11645410774913345, 0.40365901759133965, 0.5050107667488352, 0.20876068170459564, 0.4567985599666561, 0.7628170412050379]
[0.6567946224037929, 0.032621077429418645, 0.29301639671179447, 0.40576653744112595, 0.11946255228856802, 0.40783089259294897, 0.4224156540479989, 0.1484490548110867, 0.42530944545975286, 0.7654086927128416]
[0.6293432953375216, 0.213919383742313, 0.36807559280944685, 0.044499450499393106, 0.7291444596608762, 0.4264942891417103, 0.15149911237145042, 0.11149355492169016, 0.6172826345293657, 0.7791800760927172]
[0.6387843766985979, 0.21993732563344093, 0.37365927904693313, 0.10670824510557993, 0.7416873878446962, 0.3337985210980408, 0.15180712532391036, 0.12053444314238693, 0.6171225914554244, 0.794832122358031]
[0.6801080090285927, 0.21835714606020623, 0.35906693619408875, 0.507841488343822, 0.7972911912197195, 0.5044973883882015, 0.14841546840243247, 0.13025136032494197, 0.5196396997103735, 0.8414917467662121]
[0.668734527067166, 0.46606123325308385, 0.4663699344824882, 0.4628838009150094, 0.8344172493712311, 0.38152955509544073, 0.078421607250796, 0.34926465574510346, 0.47255437497970826, 0.3239893212348769]
[0.6988479503721543, 0.46872409139871285, 0.028813830618673323, 0.46350085795315493, 0.8280860325680361, 0.3717654779530425, 0.13606064245408947, 0.36917784752860244, 0.47229000851467856, 0.3225461884029851]
[0.714567466248693, 0.4943734998522176, 0.07186914110802689, 0.32921472357610465, 0.5759457066074679, 0.17823805771112092, 0.1413508574716835, 0.380205913880127, 0.4368923848013509, 0.3220445457311451]
[0.5932956096680583, 0.5025703508145037, 0.3127477122930122, 0.33185034729732454, 0.5928946697169076, 0.157933978220807, 0.15416419918487406, 0.3268232758729642, 0.6009961495399213, 0.31885021027163934]
[0.7649024184300295, 0.6080544739559613, 0.7210032423736927, 0.33947991937064215, 0.5972559042610324, 0.1639190843090908, 0.669060037599516, 0.3646658892776024, 0.608633024164775, 0.24725026003267506]
[0.4459959021278432, 0.6024088001833819, 0.6624438756539132, 0.34045404244094224, 0.6440508728645487, 0.47736110348406696, 0.7001868554973019, 0.39908070524225575, 0.6302208456838144, 0.18353605743058127]
[0.4460203135273128, 0.5565151353129704, 0.6127360907168737, 0.338052149706002, 0.6468277431210283, 0.48128704525315974, 0.010549902029266551, 0.39817911892526886, 0.5765609439051452, 0.3469437528110309]
[0.4353638799040456, 0.5648775868358741, 0.06669735984214348, 0.33673389522068387, 0.6397213199130298, 0.4752305209485501, 0.15917700540954546, 0.37867108043841596, 0.5620828087464269, 0.3682334562938368]
[0.4351916160262485, 0.562117304529351, 0.13573239258686784, 0.33668191957504867, 0.6391281541616235, 0.47024084372989755, 0.16993095988705295, 0.4182400485713863, 0.6153584521791328, 0.6401560685276995]
[0.8143011466766874, 0.652102545533768, 0.06483084972952519, 0.3338933078203628, 0.622044104992264, 0.4864088476556921, 0.1563413869534455, 0.1279801148042172, 0.36624734548980376, 0.7635579752492478]
[0.4568841724033818, 0.31280811745782483, 0.20391807111512408, 0.02437285381918804, 0.8311192808851645, 0.10052380856031731, 0.16547359323149935, 0.0252363746889296, 0.3514628616070509, 0.7793140331070786]
[0.45791836300128635, 0.30885415324013704, 0.1529354542523091, 0.06796921354762318, 0.8271667591964301, 0.10319741278436267, 0.022661786721066692, 0.02194403450235654, 0.36208646394841715, 0.7611321411384943]
[0.4710966142358704, 0.27568622665870646, 0.1367228557046201, 0.0682498275031186, 0.8976320869573338, 0.12786398908861416, 0.022667880978117293, 0.6283218956225876, 0.5163428550193988, 0.7111841153539611]
[0.7894135957861531, 0.5044189992439059, 0.05009317331818734, 0.5452010596246422, 0.7133310049777791, 0.5049783767723155, 0.2981814592029083, 0.5405625317578006, 0.4515866862588498, 0.6507073904307891]
[0.8147661198371275, 0.5065061784623425, 0.0017173777554853468, 0.5336659070903003, 0.780589523171257, 0.9123713754931381, 0.3022890237461514, 0.5465713305373203, 0.48654217211508954, 0.6506990469047182]
[0.026442671976098103, 0.5081028026825049, 0.3849526916348694, 0.5137847269215953, 0.7849143829842191, 0.91589992601504, 0.29572561794960744, 0.559383096015871, 0.4391492621327813, 0.6397937805861843]
[0.08000759201488108, 0.4105724544617412, 0.0027117864887351564, 0.4911482735315157, 0.79170203673682, 0.9214845504729865, 0.2952117496807839, 0.5928909948966795, 0.441669347312363, 0.6443164561758279]
[0.6487303385789738, 0.5016871985267359, 0.004611657764089819, 0.5292796458858424, 0.783952333358495, 0.9106177716982062, 0.3018992714457405, 0.5529846856031468, 0.4866691563276841, 0.6447736531860893]
[0.06554766080082643, 0.501500525108195, 0.03655439452775294, 0.5137224192254138, 0.770780934812343, 0.9070747706454786, 0.2884105623031489, 0.5268320682131674, 0.4336326910590112, 0.6447978974407497]
[0.252494878189029, 0.5007901658002913, 0.016173062125178463, 0.5141190374465503, 0.7728422638221583, 0.9082650681742633, 0.281890792590293, 0.5332285606552442, 0.42918536119904355, 0.642347553522051]
[0.5409110740744391, 0.4817716815230251, 0.002544728855128414, 0.5252053126067011, 0.7876647948168795, 0.9097247841866605, 0.30127600396935733, 0.5629097902834999, 0.49521858823909265, 0.6462461331143916]
[0.6305435719242841, 0.5117374489043243, 0.0600982681003759, 0.5365759764388189, 0.7907816555726896, 0.9159697936639621, 0.307288615120328, 0.5669217297330076, 0.5231575167086464, 0.6461796792565832]
[0.28027428031591173, 0.5016714101951002, 0.009246161562313006, 0.5135115238512817, 0.7680544148240642, 0.9075991343884159, 0.28787055275618495, 0.5256327954998934, 0.4302341183289531, 0.6453323810248514]
[0.03731057554205659, 0.44412735073021203, 0.3018805880934999, 0.5016235856111445, 0.8068626559298282, 0.8570104638230297, 0.31022515963728503, 0.5778989328771633, 0.5280843748012412, 0.6336077653457881]
[0.17687355591264994, 0.49264079924269255, 0.13946419789739903, 0.5164625969181612, 0.7772337449753295, 0.8938276106557662, 0.2863954363418671, 0.5409304921648722, 0.45588474751745406, 0.6185900324521435]
[0.20801038575779923, 0.21760469735684082, 0.35510466062832985, 0.15914476929553886, 0.8864805975775165, 0.4597266703917047, 0.31766732967090594, 0.6683518924361384, 0.591857056229021, 0.641109914126089]
[0.19147774110130758, 0.2056323591950856, 0.3649369522311644, 0.31750500706866236, 0.5136195709419465, 0.40845918086677563, 0.31898035527254087, 0.6669262218490016, 0.5557058837868781, 0.6406140415801896]
[0.03295568609629313, 0.21213474922074158, 0.3641097255079566, 0.3329753833515664, 0.402621568676293, 0.4717337172082061, 0.3202638782505048, 0.6681620922179133, 0.5514276153738409, 0.6409314044231553]
[0.03408423467179577, 0.21160472372869887, 0.33369931054148033, 0.32909106944236977, 0.27472413942223833, 0.49645778781259164, 0.3180540471393231, 0.7191379160208439, 0.5138532063393093, 0.6708047009873639]
[0.03169938073994908, 0.21468011528553532, 0.24575269277781467, 0.3269629490649295, 0.37163457956730916, 0.174038873916957, 0.3356930886117488, 0.7469578283304238, 0.42266263033997936, 0.36256416904753963]
[0.004298855007657944, 0.1998723553883724, 0.30567754316337414, 0.3270361914368652, 0.3884589520951892, 0.17239996333576768, 0.4089500798036498, 0.7180177026022204, 0.4157411019733088, 0.7680471350279602]
[0.01898761833095402, 0.42738473524205745, 0.14533649523509773, 0.7273933744666323, 0.37867351120254883, 0.5444193624653467, 0.39717960299013155, 0.6374074291824113, 0.25969260584882503, 0.7388223327440402]
[0.03191683478793832, 0.42263245979628183, 0.12546093600992597, 0.7275784642905779, 0.47282849361817536, 0.5505186581038497, 0.3976299828497597, 0.6440507992157174, 0.27641857059613534, 0.7374962866676237]
[0.032777238410824895, 0.45091495455932457, 0.10844566023134616, 0.7252818484627825, 0.4799987472715523, 0.555435773977744, 0.4746440154409797, 0.6586315585142174, 0.2842658310878635, 0.6890381217507261]
[0.05687281739096625, 0.45654048335497543, 0.02041829977667062, 0.7176864845974953, 0.4815060943357986, 0.6136004127857021, 0.4674444936395965, 0.6462374790155838, 0.3247559879533052, 0.72324735360967]
[0.13682058009484485, 0.4575448926662978, 0.059458661178329236, 0.7292856635598906, 0.4706175952027888, 0.6269273861639723, 0.46070440355840414, 0.6398042009213379, 0.306409965622768, 0.7221364137677119]
[0.3211814107186332, 0.45291560349991794, 0.2253347535668834, 0.732038715979635, 0.4179853393342734, 0.6306096894728372, 0.47394993929670703, 0.6481471416394005, 0.3346050292721825, 0.7226483787904923]
[0.056655278352176236, 0.33635588587521614, 0.02933221987842963, 0.5887420926987685, 0.3623984603807968, 0.675463172634682, 0.5012360957030941, 0.7326847069202415, 0.1668243552513969, 0.7113737567432794]
[0.06296802639729247, 0.4578177370874637, 0.23452585979624177, 0.7307620493465509, 0.41316034819463443, 0.6317957471311721, 0.4666502516681412, 0.6422720288480738, 0.3236069893686495, 0.723489470851358]
[0.18516257653674592, 0.45795715818100696, 0.16959019068470133, 0.7309653053731914, 0.4515198963109824, 0.6300701512253832, 0.46793304810341163, 0.642092173427356, 0.31884884557545334, 0.7245471768007001]
[0.3960206583317216, 0.3726646132421729, 0.03937957484536741, 0.48151947845775694, 0.4003025235283595, 0.31478025900934087, 0.5098601993217713, 0.6969097251186994, 0.402593793204342, 0.6653635831926955]
[0.3995503627190035, 0.39783811262834945, 0.0014143064240718576, 0.11387202803442897, 0.4818815928025491, 0.3300908422299937, 0.5004911539311576, 0.6695837965607206, 0.3680067053611201, 0.6649590174542397]
[0.3425259428677614, 0.40659851315597284, 0.056429668811324836, 0.07995817321617472, 0.008749751581076343, 0.3161988105186837, 0.5008347352933429, 0.6803265287018344, 0.4326554502581213, 0.6664185013784517]
[0.33432000073863605, 0.31278326018700475, 0.05499817805714461, 0.06351944730391984, 0.0013117477000470887, 0.31533367944650553, 0.44334866413711893, 0.6865277831519994, 0.26172384775969293, 0.6357136282137473]
[0.33691618804943724, 0.3179992012130068, 0.05504532292278813, 0.06348843873592316, 0.012818299283277018, 0.31489968808510427, 0.3762992438226582, 0.6937314653549285, 0.27963862426200803, 0.6470027499454346]
[0.35547893575121264, 0.10197234573176649, 0.055211353582046145, 0.1740787816335045, 0.002158956400131773, 0.30069096771486964, 0.3809043024643871, 0.7268238967058444, 0.31616984339246246, 0.6487105920010392]
[0.369618800664836, 0.10727111814849945, 0.05953864467615594, 0.1936959259173999, 0.01037510688186532, 0.30808638204253525, 0.41871888474331925, 0.7249383025284737, 0.30777753844407113, 0.6612347485263568]
[0.3455645017700015, 0.4161569347372743, 0.059499913284566816, 0.2566627144481072, 3.226551406753742e-05, 0.32343480108359524, 0.41838151241537525, 0.6761190495642889, 0.2996284391812718, 0.6560239725209619]
[0.36604634427205046, 0.42903980885849596, 0.06478302143946986, 0.07796505825173562, 0.002942693273055814, 0.28667554762913827, 0.4175074928671723, 0.6784792931322979, 0.12247572738673948, 0.6565286330496297]
[0.3000385605890447, 0.342096393117191, 0.05165861257554692, 0.2277671395630903, 0.03938781472001266, 0.3349359491805906, 0.41437254926731465, 0.6856339898234967, 0.2088425804695031, 0.6216360163414335]
[0.33527512262025994, 0.7893553986856324, 0.0480422632176386, 0.20668947731378007, 0.02177216286081434, 0.3409830328574229, 0.49759545365407637, 0.7155997424260687, 0.24248924336295302, 0.6030683832626319]
[0.3313760615666241, 0.7723042271327778, 0.04725590562914322, 0.07824822781202183, 0.02116327116987028, 0.3370603360014955, 0.49721772011931614, 0.7135072918569929, 0.242228168582364, 0.6031043751857983]
[0.3337561857459467, 0.7774085492314912, 0.047292253916077935, 0.043467388188885854, 0.00855966775674275, 0.341204112089168, 0.4551058163775625, 0.7188664684875975, 0.24145207079775358, 0.6148848933261452]
[0.3315606587347566, 0.7688045772068267, 0.046866611053243405, 0.1077404853793183, 0.003973392362760338, 0.340824422017839, 0.49753580303018075, 0.7130216996181293, 0.24198146283065786, 0.6029119986653443]
[0.3308608303035133, 0.7651357389195965, 0.04683152943634332, 0.04888524635218679, 0.009117832750799573, 0.34075603235640806, 0.49747967937327353, 0.7125705739098706, 0.24182344586805285, 0.602957424006654]
[0.3311672534202194, 0.7660143441073886, 0.04763235993078392, 0.06689161982547306, 0.09524154718301361, 0.3408965065293901, 0.48836290149815453, 0.7138811480781274, 0.24105060431068775, 0.6054498839814623]
[0.3293538487610033, 0.7189510133828066, 0.08069552184268247, 0.08965766984979812, 0.017078425012565755, 0.3201311078251226, 0.45638695114035144, 0.7004585285536938, 0.2422594325486992, 0.5805279143474649]
[0.3759860181808685, 0.7127962125042423, 0.0862571188615766, 0.09086958238387201, 0.15008867565709963, 0.3214800356965719, 0.44626584526004265, 0.6923767875370705, 0.00765841638592171, 0.608934805110066]
[0.3778683056152325, 0.7079642977783298, 0.0838651135215774, 0.09004909869241703, 0.1513755359177637, 0.3192455938868203, 0.037757995130943287, 0.671198951383777, 0.0057415618476215746, 0.6353260438482178]
[0.37686657145158325, 0.7089265056404611, 0.08358383520510357, 0.08967941477317018, 0.1479727632125302, 0.3212718753422502, 0.02368431497323358, 0.6697464421850964, 0.013375383296885365, 0.6172425129057473]
[0.36869459071115473, 0.7131000492533185, 0.08438245562873885, 0.08699683734620373, 0.049741746234344804, 0.3133067485685996, 0.021481413873011074, 0.6738411765142639, 0.02441996081993611, 0.6299305773412486]
[0.3524474402825054, 0.7000677509513464, 0.069296220331861, 0.08194816155625864, 0.04930589965142409, 0.3127406759684419, 0.037072048366192226, 0.6335435859805445, 0.02263310584001876, 0.008813619560394245]
[0.3663992061117336, 0.7085131447610313, 0.08239476822893138, 0.08514677941255915, 0.044604132079369904, 0.3194440440698866, 0.8436434747943478, 0.7015976344219496, 0.025719222792455036, 0.09902368465175297]
[0.3868530401187061, 0.7072789740517436, 0.08173220316098607, 0.03859144395765533, 0.0330413216668477, 0.3355156370085161, 0.845694814233349, 0.7080599118653622, 0.12672322627328034, 0.0987551162049395]
[0.39279795548154806, 0.7351961891554555, 0.08171389547981835, 0.2607745153396797, 0.18545699253130846, 0.3362321321635563, 0.8468024425951072, 0.7103816683443651, 0.1283673250058134, 0.09955349117375645]
[0.4037555401252567, 0.7509402176490872, 0.11604298188747249, 0.26410571697913376, 0.195155564344586, 0.3399665209760761, 0.9113192500676619, 0.7657346014466174, 0.10004251251824083, 0.008013174380085926]
[0.4048580566971801, 0.751004073144735, 0.11652496784956531, 0.2711524300386222, 0.16971009154951094, 0.34053697824800716, 0.9196447735662144, 0.7700832055208052, 0.3711390160499857, 0.0010494003630058153]
[0.3846280068292849, 0.7280305510905382, 0.05713927375799082, 0.2753964261568721, 0.15123717817921212, 0.34220504339870433, 0.820787128317992, 0.7449765831588816, 0.34560558716456113, 0.18209540805322444]
[0.04879452343360968, 0.5305829156029556, 0.08825010540282562, 0.33263090272510426, 0.21064185054286955, 0.7408807753175537, 0.7077631950209199, 0.6839713738296379, 0.324266910397392, 0.25063105005475694]
[0.09465262865821428, 0.5223261150546276, 0.08753291236521878, 0.3588057548943996, 0.0024181817818523985, 0.7341898845886918, 0.7087055976303795, 0.6810880818153422, 0.3197886859609486, 0.2458582062246477]
[0.09374605310603619, 0.49351503139301883, 0.08748073570433308, 0.024893034555375945, 0.024055968115094827, 0.7188751187327017, 0.7075093526585985, 0.672720328305963, 0.31279275438336873, 0.23803348836225494]
[0.09036059369962939, 0.494107439654508, 0.062045370101982474, 0.02462820287336776, 0.024809354995203266, 0.7167641413392183, 0.7087008604856846, 0.6728418457702041, 0.3160772537666261, 0.23674695426831402]
