0.24787853608907268
0.2627457631047687
0.26656862214871463
0.2627457631047687
0.26656862214871463
0.29777212267562403
0.4072297961001846
0.3872961132075089
0.36562803141037664
0.3775668572646377
0.36562803141037664
0.3775668572646377
0.35608225033226243
0.4231046838904026
0.4450504118759245
0.4073545464473047
0.4744320595946883
0.469112778861344
0.47689469723867306
0.4545595383084578
0.4782908563035071
0.4968904311557935
0.49797251211784965
0.4949397146215674
0.4591623912655424
0.43691347687974486
0.470923544307873
0.43691347687974486
0.470923544307873
0.4757348550608981
0.4645397411264224
0.44866667898253043
0.4748747213911001
0.4546284529045552
0.4563960830469663
0.4838351086375982
0.45018705797186015
0.4594134100599111
0.4619229056141007
0.44793263862818283
0.44464297715614753
0.46873445066674335
0.44464297715614753
0.46873445066674335
0.3812260867091646
0.40582137569318644
0.38816631878756797
0.4063421090471124
0.3903351768062664
0.385314246310008
0.36506086052444925
0.38138480842617845
0.38791111834102127
0.37602629104963353
0.3611630636677908
0.38138480842617845
0.38791111834102127
0.37602629104963353
0.3611630636677908
0.38138480842617845
0.38791111834102127
0.37602629104963353
0.3611630636677908
0.38138480842617845
0.38791111834102127
0.37602629104963353
0.3611630636677908
0.38138480842617845
0.38791111834102127
0.37602629104963353
0.3611630636677908
0.38138480842617845
0.38791111834102127
0.37602629104963353
0.3611630636677908
0.38138480842617845
0.38791111834102127
0.37602629104963353
0.3611630636677908
0.38138480842617845
0.38791111834102127
0.37602629104963353
0.3611630636677908
0.38138480842617845
0.38791111834102127
0.37602629104963353
0.3611630636677908
0.38138480842617845
0.38791111834102127
0.37602629104963353
0.3611630636677908
0.38138480842617845
0.38791111834102127
0.37602629104963353
0.3611630636677908
0.38138480842617845
0.38791111834102127
0.37602629104963353
0.3611630636677908
0.38138480842617845
