[0.7667810109094564, 0.21354326688599756, 0.5829385990511617, 0.7310730252452021]
[0.730065141041747, 0.5116796986274457, 0.7192225489109618, 0.4001554232900038]
[0.7459978371417344, 0.6381954905435488, 0.7309089465060106, 0.48940126665290434]
[0.7610064462521958, 0.6566613598773108, 0.7126436808406198, 0.29502396860595476]
[0.7581121517638538, 0.8091100822834771, 0.7805972535769109, 0.8608224487547937]
[0.6367422438719982, 0.7884023647224904, 0.30645863312503197, 0.864898328833197]
[0.6296700541813399, 0.7336423597447809, 0.07172945783971266, 0.8765566970042038]
[0.5034148914032327, 0.6972129602705215, 0.5041979291287869, 0.8833020218662642]
[0.6571878930790783, 0.7806543148765438, 0.12236184776629902, 0.8697962324332971]
[0.5899895518348993, 0.605263323445232, 0.057214897307165086, 0.8817747694582938]
[0.6188558038355985, 0.7102428964463439, 0.001966190585437596, 0.8823692259592529]
[0.6396194469242044, 0.7386463502832695, 0.04740404931537412, 0.8794958885350281]
[0.616559983526054, 0.7456112751301983, 0.030297710167435443, 0.8773818775309162]
[0.26610434767646257, 0.7877943184756165, 0.3571380611650194, 0.8684608936085717]
[0.6600776823307152, 0.8180122048127378, 0.010834133897341157, 0.8618928167182845]
[0.652299131597757, 0.8066279218375886, 0.0032175245773600663, 0.8671713634461009]
[0.6520251555910349, 0.798863752206779, 0.004921316124570372, 0.8680618472396354]
[0.6452536759081016, 0.7751411402214922, 0.03150101546654705, 0.8745909493146172]
[0.6457912658549968, 0.7588150351178433, 0.013642453811570627, 0.877196221878605]
[0.6311367648601436, 0.761192391382824, 0.0472982100300428, 0.8754373739644021]
[0.6417500136438355, 0.7889424243746329, 0.00687042655068916, 0.8682706563569116]
[0.6414883425771075, 0.7811424533054138, 0.0008405655238937976, 0.8726752011972875]
[0.5971399610872251, 0.6435345152702693, 0.0002508612185639821, 0.8934561725516464]
[0.5793753851265817, 0.5741363576605029, 0.00031096498642972376, 0.9018975422599329]
[0.6307944020538314, 0.7489686387508114, 0.0003141493614237729, 0.8785586187277241]
[0.6453100882260966, 0.7904227744094167, 0.005571170944026062, 0.870373981849399]
[0.6248227827135204, 0.7278993029245313, 0.002273130402505978, 0.8818493969326484]
[0.6293473840562016, 0.7367458909834457, 0.012784528555279225, 0.8800653535692375]
[0.6267347030333646, 0.7511409451799995, 0.0377622854325783, 0.8759397566372327]
[0.6063513799190754, 0.7576399268788225, 0.023995334597679753, 0.8768849190259778]
[0.6359606930820879, 0.788763469877128, 0.007419039798107714, 0.8711770178573632]
[0.6181676823780755, 0.8072111687510268, 0.008016405037861123, 0.8673320952486672]
[0.5369305400323344, 0.7470608880285212, 0.006513814313650908, 0.8434994261120478]
[0.5791332709056671, 0.7485810061633849, 0.013067666219564063, 0.8394413309750723]
[0.5914573982400213, 0.8207091289458887, 0.09069505030508104, 0.863188644794546]
[0.5456558188555006, 0.8163435690477949, 0.10662613067155673, 0.8610261558666323]
[0.6475640531383928, 0.8190608687086169, 0.00733799010386053, 0.8635797238659387]
[0.6369432247891235, 0.8105642579818987, 0.005672773336064629, 0.8637716359145433]
[0.6456673795123701, 0.8001086356037331, 0.0007842756315994674, 0.8693940347998796]
[0.6418563580896897, 0.8039943849048771, 0.0009912235973868102, 0.8632906172429994]
[0.63382328549005, 0.7972875943257123, 0.0004391448476104356, 0.8655136092224979]
[0.6018771739793767, 0.7662586971718413, 0.023160586411267017, 0.8462531617784552]
[0.6266178416951883, 0.7505707192680411, 0.0203026753037516, 0.8774115813265265]
[0.6466503421675781, 0.7823314555521156, 0.008824247319121329, 0.8697668824230491]
[0.5691859165015335, 0.6042957635666928, 0.004676505467216762, 0.8682325707320604]
[0.42570811621843047, 0.5898579166279438, 0.05233225642061015, 0.8960420671550045]
[0.5118340775872244, 0.3300731516909576, 0.006951084056573793, 0.9070615867372649]
[0.43868958767955435, 0.2921556196392188, 0.03304431418247918, 0.895102329392022]
[0.5365063007067721, 0.5803983126383674, 0.008781703698229244, 0.8855423389106045]
[0.5386296069660762, 0.4111480237498185, 0.0012529892644248797, 0.9059709350682158]
[0.5555849597509236, 0.4884566973177464, 0.00037127340634965654, 0.8917717937466795]
[0.5822417393915887, 0.5948352356950952, 0.00033735607798387015, 0.8905266230559367]
[0.5646697822670423, 0.5682890210046191, 0.008254131780395567, 0.885755333810972]
[0.6234656421378623, 0.6654094059184662, 0.17738927910906307, 0.8832951163802333]
[0.6258691364278056, 0.7314673639658122, 0.0027883197948444264, 0.8746267477310263]
[0.6291226996164777, 0.6954486735513133, 0.23038193021515857, 0.8791821398655532]
[0.6713556445019685, 0.5119082790530598, 0.2238087677667667, 0.8617382556007893]
[0.6053577401286464, 0.6766278704174361, 0.006467264808809513, 0.890233126890032]
[0.5337160292508955, 0.6776902284852802, 0.3023766099289735, 0.8863429666396381]
[0.6446470544542081, 0.7829106563221713, 0.02429122693822725, 0.8709222495621587]
[0.6353869475587445, 0.7603865772701575, 0.004316866486603226, 0.877049294088262]
[0.44705241932787276, 0.5985603999805649, 0.01407641147724437, 0.8848903062925114]
[0.5994970914342438, 0.6716452318978557, 0.02663868556259932, 0.8888741120337433]
[0.5480589624678249, 0.6257456995173278, 0.1631272830443978, 0.8923902326772387]
[0.5148392242783973, 0.46700117615403564, 0.32744070601539094, 0.9101550007439002]
[0.544119022597252, 0.4343314472031591, 0.055195008502656635, 0.8476449957846689]
[0.3282586167333555, 0.2926779378962441, 0.2871608594143598, 0.8572441658159385]
[0.6154625514153952, 0.47602789077556074, 0.49527341550778653, 0.8942036770414055]
[0.2320158454886943, 0.36604498603615315, 0.19127286134920718, 0.9051828843709615]
[0.7167082548928164, 0.731606161734368, 0.2967837820841119, 0.855025499736596]
[0.7427546052859987, 0.7636959835531524, 0.43818207434678447, 0.8468396965494819]
[0.13923836706516582, 0.7385425103001534, 0.5960277041518428, 0.8751204750915745]
[0.49735043842327076, 0.7011370954373092, 0.3523408146083248, 0.8696238494967667]
[0.5840139508357889, 0.5776089868511638, 0.04133868470623247, 0.8858957381823076]
[0.586810467581619, 0.5919645154786992, 0.0175053283338088, 0.8549827685120064]
[0.699843550241825, 0.7047150844492399, 0.22455750973068703, 0.8492812545182457]
[0.6553557565190765, 0.8050246492181532, 0.014826616163281618, 0.8602842782080308]
[0.6197060312301629, 0.744684821839802, 0.13762416099096525, 0.8615992707159823]
[0.03766437477350941, 0.6714914307592407, 0.3693603622223699, 0.8837883071983145]
[0.36276969910113027, 0.6177433534705399, 0.047825589641378015, 0.8782987499421939]
[0.6033815539863916, 0.645599252567785, 0.013617281787366266, 0.8793625507356173]
[0.5568215149040118, 0.5191719833360119, 0.011940037465769845, 0.8778577630758122]
[0.5772162441095273, 0.566669653524503, 0.00017579203554479508, 0.8888851022681161]
[0.6016743241926095, 0.6443500773472395, 0.007728513892042249, 0.888165994552514]
[0.6489037463354593, 0.7682268507083931, 0.03725108216411803, 0.8671793587940111]
[0.6863671753429742, 0.4487297993170299, 0.23933848285982448, 0.90656017955591]
[0.6031928901595418, 0.6779661552287374, 0.2428340005483638, 0.8602154441844475]
[0.2275548009374047, 0.03292017554383936, 0.3895842073540105, 0.4916506796173763]
[0.6770403787689792, 0.8118754958347599, 0.1148478947795122, 0.8950292161533165]
[0.44161567664956797, 0.8208223382843938, 0.05859024033942366, 0.9048453124570128]
[0.5649498394208471, 0.652193812726107, 0.02735778508023709, 0.8993147088316734]
[0.476457129088842, 0.3609032911990755, 0.5010196649623141, 0.920757049173765]
[0.36278781434394713, 0.699721858332664, 0.4353188466136, 0.7008504835783878]
[0.6513364718689643, 0.9183229255314869, 0.033573693287766423, 0.9528386655397284]
[0.6785750978940053, 0.9186173476285011, 0.20078501322431852, 0.9520930939513172]
[0.6201749203546459, 0.8637805411988956, 0.006190320905653026, 0.9537130634807002]
[0.5916003044087063, 0.8734333448995824, 0.0019099406949265954, 0.9463025788994142]
[0.5218863433547901, 0.8582618632031268, 0.01090177247784217, 0.9509673716057235]
[0.23150798374426548, 0.901281874469091, 0.1522879101417329, 0.9514936608522376]
[0.5134644992244318, 0.8752024769556661, 0.11524857632881588, 0.9430979452651223]
