[0.02863506661162813, 0.18751796715317323, 0.022125660103610955, 0.1697628237082346, 0.6922030056650059, 0.11656348036046185, 0.17865168112695962, 0.3264688133250667, 0.026341139743568328, 0.025265212661760943]
[0.044156826118267864, 0.30120617461156357, 0.051607757608484364, 0.17745612553818335, 0.6945072193472326, 0.21825461278885908, 0.16766884884192435, 0.279599083706928, 0.028423676653425236, 0.01359577287445384]
[0.07824757179474132, 0.2573388217740973, 0.06730235075077128, 0.0405506927562418, 0.5798738694756151, 0.16104214474652384, 0.3315754995388598, 0.255674567775186, 0.020020418768269842, 0.01642754546395586]
[0.05872723539862905, 0.28251703915550336, 0.08520625012554292, 0.17051067093388894, 0.7127495176289675, 0.23727585357030648, 0.35938329478902276, 0.4177310690707294, 0.028337786912095146, 0.08918889045228072]
[0.06657524678543646, 0.429159307995025, 0.10360988429831311, 0.15601021043653718, 0.5096025747781483, 0.09924963537577611, 0.41004833671310653, 0.4083908426327779, 0.028065204833836208, 0.09865835220677564]
[0.06518472008814034, 0.4094258204379963, 0.09299873139780644, 0.2534555353550123, 0.47053881778291096, 0.17682430894554993, 0.39306877120293415, 0.4165610610525786, 0.028174585663388815, 0.09391544350657201]
[0.06657524678543646, 0.429159307995025, 0.10360988429831311, 0.15601021043653718, 0.5096025747781483, 0.09924963537577611, 0.41004833671310653, 0.4083908426327779, 0.028065204833836208, 0.09865835220677564]
[0.06518472008814034, 0.4094258204379963, 0.09299873139780644, 0.2534555353550123, 0.47053881778291096, 0.17682430894554993, 0.39306877120293415, 0.4165610610525786, 0.028174585663388815, 0.09391544350657201]
[0.05883511775556559, 0.4734084460631183, 0.09197897317250606, 0.3005402702497494, 0.6726181974613449, 0.20478203308728687, 0.38761399935745733, 0.4230037796818166, 0.028338287923098154, 0.0914351178531134]
[0.11524630190034267, 0.47956360107230855, 0.16295092828877247, 0.12995770802329173, 0.48764718179763183, 0.17159498961929787, 0.6060396000398679, 0.5941966170752365, 0.016678664638665165, 0.12499028083715144]
[0.14188118380431786, 0.47653612436258364, 0.20102089752069363, 0.6907212983798918, 0.45777098790642184, 0.3181868093236745, 0.586505928500457, 0.5957793632294551, 0.01640208558509145, 0.3669017951575777]
[0.14525674696344043, 0.2655791769775737, 0.20622989210952875, 0.6439673368611472, 0.6616292377250836, 0.3232220293431823, 0.598449694941575, 0.5966793819847074, 0.01640407774146077, 0.37221212084830707]
[0.1640148842021159, 0.2715669351465743, 0.201436454851898, 0.6011073813184754, 0.454174754039858, 0.29441483871590923, 0.5905725972320629, 0.5948056501074501, 0.016385969650989218, 0.36347340701907127]
[0.16366215251845417, 0.1626975162964769, 0.21167183753376792, 0.6407488731634529, 0.7438065058163202, 0.30210903442630194, 0.5946691913023752, 0.5941045020993319, 0.016397523440255354, 0.3632797911596651]
[0.16773720140781304, 0.25176105390606757, 0.19841676241009507, 0.6104200789970408, 0.5446434294177875, 0.3076383257137133, 0.5773887876985687, 0.5954650025682433, 0.0163468849195037, 0.37357749733404133]
[0.16330070324036058, 0.20743900285518796, 0.20931143482257852, 0.6288590972069645, 0.7120777674363928, 0.27999725487615507, 0.5935558276638142, 0.594743500195882, 0.01639804647422105, 0.3647060087804639]
[0.16773720140781304, 0.25176105390606757, 0.19841676241009507, 0.6104200789970408, 0.5446434294177875, 0.3076383257137133, 0.5773887876985687, 0.5954650025682433, 0.0163468849195037, 0.37357749733404133]
[0.16330070324036058, 0.20743900285518796, 0.20931143482257852, 0.6288590972069645, 0.7120777674363928, 0.27999725487615507, 0.5935558276638142, 0.594743500195882, 0.01639804647422105, 0.3647060087804639]
[0.08710872741847778, 0.2080442359484208, 0.17309441319482094, 0.5559819256470248, 0.25586256718521694, 0.27800989315291935, 0.581989053864908, 0.597601486255672, 0.016318883217496763, 0.3994357024901846]
[0.08072729566563361, 0.1556462641180529, 0.18323606018715285, 0.47344167961816697, 0.28648152848908304, 0.1398108732049713, 0.5976982267105199, 0.5989983171716271, 0.016399403233549194, 0.4156239453703113]
[0.07680492107881466, 0.187085805514206, 0.17542145809253532, 0.47213112473816027, 0.3264521810547492, 0.16176036450274403, 0.597549573245778, 0.5998489233884945, 0.016303854483641397, 0.4143934336649659]
[0.07558156431655227, 0.12441965476816974, 0.1806120779168503, 0.40988298808976836, 0.25942803552302496, 0.08771858471055208, 0.5811711575166887, 0.5860176045022706, 0.01617328211479078, 0.4247593624779987]
[0.07804781517691162, 0.13818306164063457, 0.18795508561885427, 0.4641479217868808, 0.18916261473970394, 0.4470933823338435, 0.6059877318493413, 0.5922961082155769, 0.016745593107247072, 0.4243405989906564]
[0.07811041151277043, 0.11861242558807132, 0.18442644378397377, 0.4389732813650219, 0.334612897797693, 0.41703689290461643, 0.5815222776671778, 0.57838904797127, 0.01662948971048555, 0.4260563818245276]
[0.07446964471120417, 0.1899300807339119, 0.17225397203497214, 0.45600164900429135, 0.2471639945751175, 0.4800448687762358, 0.5985271742115696, 0.589180033738182, 0.01679186927747544, 0.42117437561717236]
[0.07811041151277043, 0.11861242558807132, 0.18442644378397377, 0.4389732813650219, 0.334612897797693, 0.41703689290461643, 0.5815222776671778, 0.57838904797127, 0.01662948971048555, 0.4260563818245276]
[0.07446964471120417, 0.1899300807339119, 0.17225397203497214, 0.45600164900429135, 0.2471639945751175, 0.4800448687762358, 0.5985271742115696, 0.589180033738182, 0.01679186927747544, 0.42117437561717236]
[0.07441270009913467, 0.09210686367494482, 0.19764745326816963, 0.34779877113476954, 0.3796488470288112, 0.4053990458057819, 0.5979909625763999, 0.5829555136050087, 0.016972603431896213, 0.40934943430108733]
[0.14412469166876707, 0.05873630743760117, 0.21358099853349607, 0.5468046603987887, 0.4567483204881292, 0.4806812653457814, 0.5705837350827115, 0.5911285896781667, 0.016974461152473426, 0.3837438112880593]
[0.1495003042741178, 0.08157445594792644, 0.20468727479713947, 0.5852970997164045, 0.4841823411101071, 0.5309355778953578, 0.5511977108081447, 0.5908544928355697, 0.016961442863959345, 0.377919049698232]
[0.05798174242124989, 0.0873311172659437, 0.1781798913781325, 0.6129720148021598, 0.44073637624220835, 0.5091488273691651, 0.5186230773018929, 0.5785760254475137, 0.017407642720347907, 0.41153370112353305]
[0.061952957825568186, 0.09320283925418257, 0.18282760748372587, 0.6052083353018678, 0.4587390005752613, 0.5003203488377056, 0.5100366910797388, 0.5714473172317773, 0.01715237925621019, 0.3717335304218534]
[0.18081006206862826, 0.09211012511512424, 0.17166783998617427, 0.5720766971842279, 0.537550558189699, 0.21476672858964832, 0.5033723575583815, 0.5693879423914491, 0.019569398318966688, 0.3202748665918553]
[0.17198122939074378, 0.06753024984721205, 0.1949009491651224, 0.6351183460978023, 0.5717251710534702, 0.5236610166392371, 0.5180443067630042, 0.5605746960667897, 0.019547385751693576, 0.3745457303163557]
[0.18093559768662895, 0.06578609511598549, 0.19562603240921678, 0.580433158295125, 0.49014782173644567, 0.5064194805235066, 0.5203721311104678, 0.5627986502992649, 0.019541053475133092, 0.37260233757527306]
[0.1864697576890532, 0.06458657216420646, 0.19740683759703093, 0.6522187661211071, 0.5652633324661468, 0.5508791217402058, 0.5157598665167905, 0.5612614370608693, 0.019527278127791158, 0.3724859222320995]
[0.18879254214260652, 0.06866170663029837, 0.19763141587977506, 0.5912992706540265, 0.5117895351189558, 0.5343875852784489, 0.5132690788474467, 0.5616418718700428, 0.0195280869675341, 0.36918762623517387]
[0.17437984931238668, 0.06456523108001296, 0.17329908439284727, 0.564244147470633, 0.487014059970036, 0.2420804578559392, 0.5300237138620697, 0.5731580876437669, 0.019552074091163076, 0.28318015224453563]
[0.1730040689720532, 0.06228683203685688, 0.19410071889630143, 0.6580870603436139, 0.5574261783737401, 0.5533286248166769, 0.5273483913803552, 0.5652248121835513, 0.01955735447633133, 0.321005127521068]
[0.17357180521175375, 0.06876944373405741, 0.18705959115261173, 0.5885638159436808, 0.49239742282217486, 0.540880482694183, 0.5262062392751028, 0.5659059261795635, 0.01955440775722732, 0.3237847681209337]
[0.2927770569379676, 0.06753380943920999, 0.1740029733136241, 0.559352032450304, 0.49411393280065435, 0.24192708445624306, 0.5234427144939688, 0.5713778412645211, 0.01953803006099621, 0.32010306323826426]
[0.2958567295768954, 0.0650178662066171, 0.19484219825157323, 0.6540911473060756, 0.5666346600208031, 0.5591447323577019, 0.518276536935732, 0.5625949441036785, 0.019508774867519393, 0.36946270012580423]
