0.23260094697181888
0.21369934762158146
0.20266405939143053
0.20613959339003224
0.2743026764755323
0.2579394907364484
0.26228516459453594
0.26525288753539283
0.3154892407080804
0.3287658609886298
0.31340774177268677
0.3109409410736137
0.29825460022357314
0.3295273664015009
0.3198051895372746
0.315456280719708
0.35099668957090463
0.36009329732812156
0.3560430701305874
0.32880268465296736
0.38642906858191794
0.3447741578578308
0.31073255595085914
0.28718354321644285
0.27201033224121535
0.27181545139665636
0.2275851416659111
0.2900421750602008
0.3212489894955123
0.34455545582845226
0.37024212387421074
0.3961673291211253
0.44070248802640777
0.3993204080802156
0.4346300725871982
0.42950023053210284
0.44290415290598845
0.3565520001653035
0.3672502230500391
0.40473398698200685
0.39458057895203125
0.3884333348158405
0.3913367701878719
0.38605763047915864
0.39812100924408705
0.37718106986787336
0.3773689893890663
0.37548092007034195
0.38834493923119395
0.40472042418821763
0.4475088613048087
0.42918376489960625
0.4133282864775506
0.46050749584205014
0.4679691687370518
0.47193397346168275
0.4528682544542795
0.4031600993723674
0.39330025317311995
0.4431363456765204
0.37857443147866576
0.3974098137032569
0.3288543796995963
0.3784390349653392
0.412686265939347
0.37478319476413735
0.4046525599499026
0.37907816769608843
0.3979405332549294
0.41441927197412254
0.3981333856228214
