0.37559607814028023
0.3528852392629051
0.30602953395757426
0.3118487904721569
0.3672981852268512
0.3715690020166326
0.46454582710484915
0.44600471742911674
0.5219821615768279
0.4856499378781368
0.4800330999267109
0.49920200463871645
0.4962298262664138
0.41203773703606295
0.5259932302504666
0.6041703928076656
0.5128028710629385
0.48466228467926503
0.5430756959081292
0.5160416776086797
0.5501563764650078
0.5755040280922026
0.5553934512395933
0.5865020720224235
0.5959166391581914
0.629607357672946
0.5814933704012295
0.6268171378493371
0.6062109363907423
0.5836686090372216
0.506654026990641
0.5339524693136634
0.576394178904193
0.577969306172138
0.5463243996858861
0.5374959443960092
0.5268144118046828
0.5022342789673323
0.601834373723088
0.6141961183578473
0.5859882343150129
0.5590422856939505
0.5514474010738916
0.5873870814078315
0.5678802379348545
0.5870744547071098
0.5549033660115301
0.5396670348280777
0.5789419779437238
0.5296850376620308
0.48899553846207294
0.47496019072401874
0.4794286175145224
0.4941444649673497
0.5451976697455554
0.5530062121860557
0.5696025065655095
0.584793287649066
0.5836338821265535
0.6931921529484655
0.6561314297859984
0.6197692825092103
0.669619136808955
0.7435136665146145
0.6846125537246094
0.6324748169913589
0.6626715349003935
0.6285251352681267
0.6877724267711418
0.7075800773280563
0.6423514986772497
0.6368793361525381
0.6246116165873865
0.5952634659468349
0.6071801394465258
0.5675598324264246
0.5550080564851716
0.5145313375490763
0.5390126711146361
0.5458035722732475
0.5579750123739843
0.4741073586944918
0.4609863878996955
0.5393678086804155
0.5881826951519302
0.6367085499526197
0.675558320842806
0.606427084102751
0.6117273842836536
0.6486884220344373
0.6159359874178586
0.5652335780719377
0.5622767161995725
0.5602721417991601
0.5601739744866748
0.5105583680389011
0.45080581686379084
0.5123557422309448
0.5047760489201429
0.5226486770178408
