0.22689207317711949
0.2300634277446533
0.23848791909440065
0.2419223616434635
0.24328225538700687
0.3194422966976089
0.43390149649312393
0.4303541035606272
0.42345827221092397
0.36590551170958185
0.37941209596665704
0.44222161604340593
0.42495745214666736
0.42542122377451597
0.4578839947463291
0.5508000972077912
0.4925361683689096
0.5198947781919261
0.5176210702875511
0.5243867352211514
0.5598603886937805
0.615354296963839
0.5828272328219815
0.6252656209024918
0.6101651679373024
0.6016476986841088
0.48742664421403487
0.5011438902800973
0.46755372028191344
0.44149396251142053
0.4386214695192618
0.4908763029836978
0.49827039640155685
0.4300077709787299
0.3459102216557674
0.38175630663726323
0.38982332993081376
0.3813696069195934
0.41341148239343306
0.3565199414140435
0.35884151229443995
0.44704186677318997
0.5158733639775883
0.49488685448147135
0.49583777432321297
0.517755434745583
0.5258771448724723
0.4659055998563317
0.5220013393253787
0.5302469062584825
0.5413367715547339
0.5038874661183816
0.5030986453944313
0.5074046609014875
0.5202781745693632
