0.10742185596911731
0.1973367458717809
0.16275599596480855
0.2632972224888892
0.2633985806221832
0.24669270807574914
0.2462996809460769
0.24564287158184928
0.2719329768193858
0.3510249774533901
0.3451401660685408
0.35205998332424937
0.3654130278835367
0.2065339856374496
0.33770854847214676
0.3023258724454153
0.33000986063915705
0.3023258724454153
0.33000986063915705
0.2800086205068701
0.3355536887520429
0.312068379623835
0.34243612410503366
0.3710728753036906
0.3070665210314361
0.2658153353116575
0.21739299024894487
0.3409242793609662
0.34577875605183384
0.2750343711863084
0.34577875605183384
0.2750343711863084
0.2331940731081386
0.24956242095127507
0.25377083890418456
0.24956242095127507
0.25377083890418456
0.2394050640914842
0.23348993577870703
0.2599971104680799
0.3350109175558552
0.31915226697734805
0.3056436568996871
0.3063693395464297
0.27321660868024755
0.3089558141913919
0.1863984368710358
0.29981341599745737
0.3397696408219716
0.2795639694044731
0.29516600599045095
0.21164501588397971
0.22062763874161706
0.2315601599554941
0.3062596552826847
0.2462756427624802
0.25592397016999957
0.2565361684120697
0.28729839067262203
0.22722489896117132
0.23971801970509987
0.3187963567924726
0.27097948745625516
0.2656801317123815
0.26202800229979717
0.283835844293563
0.2394086340160345
0.24624061198324237
0.3062596552826847
0.2462756427624802
0.25592397016999957
0.2565361684120697
0.28729839067262203
0.22722489896117132
0.23971801970509987
0.3187963567924726
0.27097948745625516
