0.2005613711848317
0.29905726012059264
0.3845441556147176
0.3217748780180137
0.2978980162757905
0.36770749258993296
0.40709318491064844
0.4098871417707041
0.47069604344385907
0.4504226259394904
0.41598129277641294
0.3644702296987938
0.3892126502880012
0.5084224253775017
0.5085739060608649
0.4413672195308059
0.3986788913552552
0.44227777597743084
0.4387707624905014
0.32511131668755594
0.3085865782332483
0.38557683471223275
0.504847427737333
0.553571805511293
0.506814895889877
0.46717152417723334
0.5365205712375004
0.46888539241360866
0.4851336743524103
0.5253472891669174
0.5489254255423021
0.48694267727469703
0.49986314523912484
0.48983032140783356
0.4505057973469884
0.4183857313893552
0.39973158203264714
0.39015111361060145
0.32326463076821865
0.37084998798343655
0.42752970677080454
0.43865314859359855
0.4459433749707361
0.45083099064597637
0.4609709762736345
0.4959416001570963
0.4161066024438081
0.46870485086895775
0.4778686522218932
0.42793944082522273
0.3927687918145635
0.34906960757827443
0.31095802366958164
0.30978392216745665
0.3062199975377264
0.31612554525735126
0.34515041045195105
0.31024436201597855
0.3226369605647224
0.3800870280261278
0.3643465585056404
0.3581997405917371
0.3655221110899056
0.35964183332766986
0.36965881688647007
0.3535500413264189
0.3492713497577332
0.3080392497622701
0.3052349618986061
0.29658955562908196
0.22678685084889874
0.32764860913240174
0.33622456885413865
0.37772766072704084
0.38550760803742185
0.41157029930276323
0.4032101186107261
0.3918413602327625
0.37553660489743224
0.33736218653167455
0.3347082016954738
