0.1779381718009429
0.175894153443
0.15714091580400655
0.12436753196000974
0.17819476595461683
0.18689559348804313
0.1783100479058827
0.19152457906949075
0.2203385568003362
0.2721404170100118
0.24518670959086544
0.2514974207802346
0.24867127098693786
0.283368221937031
0.2555275143859512
0.24426199983761335
0.24100828433154167
0.29741739826023855
0.27198116283320745
0.21887140035420463
0.25023448777100465
0.20614170785909752
0.22198002756453056
0.23854282361002382
0.21230969667612878
0.2611187818829751
0.23154574087703134
0.2290119214297328
0.27198116283320745
0.21887140035420463
0.25023448777100465
0.20614170785909752
0.22198002756453056
0.23854282361002382
0.21230969667612878
0.2611187818829751
0.23154574087703134
0.2290119214297328
0.27198116283320745
0.21887140035420463
0.25023448777100465
0.20614170785909752
0.22198002756453056
0.23854282361002382
0.21230969667612878
0.2611187818829751
0.23154574087703134
0.2290119214297328
0.27198116283320745
0.21887140035420463
0.25023448777100465
0.20614170785909752
0.22198002756453056
0.23854282361002382
0.21230969667612878
0.2611187818829751
0.23154574087703134
0.2290119214297328
0.27198116283320745
0.21887140035420463
0.25023448777100465
0.20614170785909752
0.22198002756453056
0.23854282361002382
0.21230969667612878
0.2611187818829751
0.23154574087703134
0.2290119214297328
0.27198116283320745
0.21887140035420463
0.25023448777100465
0.20614170785909752
0.22198002756453056
0.23854282361002382
0.21230969667612878
0.2611187818829751
0.23154574087703134
0.2290119214297328
0.27198116283320745
0.21887140035420463
0.25023448777100465
0.20614170785909752
0.22198002756453056
0.23854282361002382
0.21230969667612878
0.2611187818829751
0.23154574087703134
0.2290119214297328
0.27198116283320745
0.21887140035420463
0.25023448777100465
0.20614170785909752
0.22198002756453056
0.23854282361002382
0.21230969667612878
0.2611187818829751
0.23154574087703134
0.2290119214297328
0.27198116283320745
0.21887140035420463
