0.12543218120547436
0.13351239308219673
0.1280501405969191
0.13253234418703422
0.13525400687728711
0.11341935580738301
0.14560664705521187
0.17830357368651453
0.18166818194792703
0.18315794210580796
0.18414575491232701
0.18534106982690968
0.19001828295860926
0.19514651756229956
0.19535378206329373
0.15629467118373644
0.20781710529607111
0.21100135016610855
0.2101848522792879
0.21565886788126765
0.20983184113543377
0.21497596562021526
0.2049795348575319
0.21438664269790136
0.21565023637761643
0.2139428867474123
0.21343542494908752
0.17310751396611462
0.2108131192672479
0.18205531324190444
0.2005886993838064
0.1694061354445987
0.16355404867065518
0.19290536864348645
0.183052251624534
0.17974836185611295
0.24661151980005758
0.2496609954821884
0.22667479915789093
0.2399850836526511
0.24595968847437616
0.23158232740677204
0.2276587091583883
0.2145431016749686
0.24564667774401355
0.2306384313615893
0.250399134561166
0.2505936309967899
0.3044125930508844
0.31382022885583327
0.33297771271246157
0.3122607697140326
0.24076164798419905
0.2461341067825924
0.26078742916783104
0.23863818682244733
0.23465843784017135
0.29486498156491303
0.28772048931811545
0.3806329808927772
0.42562600817658874
0.43993193745591164
0.4918350140383326
0.5026521338560268
0.5079826312498267
0.5027413397041095
0.5020248082717212
0.538505209088071
0.547835388005205
0.5138097704728259
0.5491268659180827
0.5246559389409529
0.5091174316621646
0.5794891727417351
0.6040356340511679
0.5918739435315763
0.5732727573572005
0.565911424598116
0.5937211786254122
0.5829203665323329
0.6638524812506391
0.6425642355116299
0.6332491925650252
0.598308784563073
0.6324524096097125
0.657689960913784
0.609045273628557
0.6079253032965859
0.594103986739016
0.6082829304810513
0.5917362413212235
0.5903228156434106
0.5870273419381284
0.6219400416482921
0.6266439831917706
0.626876124149421
0.5546267280730769
0.5427884250755525
0.5405341767241151
0.5416984149155647
