0.24121909220136067
0.3503513308304472
0.37707281232003215
0.30607502826375027
0.3430168787456103
0.3374745749996001
0.3494151568311519
0.3315879571165249
0.32692341741619707
0.39391494451458675
0.36738319392769603
0.3888128291953165
0.38443744918283185
0.3729890963441271
0.3975785736459735
0.42128891834011767
0.31071562381697604
0.2805554720684402
0.27058049075673996
0.26681324158803543
0.22153435514461378
0.2358124279687644
0.23707848081056365
0.25485204028863484
0.30849694861224336
0.3012926606566733
0.3297209119534247
0.3313503747875909
0.3210936004901027
0.32203212086820804
0.36046052229579145
0.3925541553225767
0.46367887005959274
0.4729380039487885
0.4006192107944685
0.37513869994668286
0.41082149801983503
0.4124960510901527
0.4353278406075208
0.4042535465411281
0.48909886615660625
0.5634569389110716
0.4848219823360943
0.504751918937109
0.4710910540043799
0.5146950630115683
0.5201831287753601
0.5103752444670541
0.5343518110799568
0.43058505269247
0.4529627854282273
0.4564481432257062
0.5149571718969589
0.5444079548092663
0.49020502462413706
0.47760644379879746
0.5588698575198132
0.4423366671235474
0.45574313910428205
0.5031163378035737
0.46057373763618337
0.43934172259231996
0.5120338738781015
0.5090383180371586
0.473300611992172
0.4782136070999293
0.48270591615032804
0.4916338573498761
0.5064614811694674
0.5065419128496369
0.48570468912225306
0.4592622496258148
0.45430246359759474
0.44977331946542876
0.5018738962612255
0.49093331521459316
0.4733665535226165
0.5130882164449114
0.506403018812638
0.49871814144888427
0.4554550861000834
0.45919925022544417
0.48085552640789475
0.44790503822642513
0.5000601940598991
0.5411665681423188
0.49265483583611563
0.5018846223311342
0.49161301915062533
0.447327280442681
0.5378379627486286
0.5169816641058362
0.5003480870838223
0.4790232082360152
0.4821372908817755
0.5065771773081196
