0.5735839755229545
0.5902807029675395
0.6511258852110495
0.6063338638940202
0.8021604840947589
0.6491253926381794
0.5778996421925093
0.6470319506672013
0.6075000720388046
0.5335606355113975
0.5533585292066582
0.576291433764469
0.567462711588651
0.5698744052314175
0.5877042094397698
0.5823289853647016
0.5809680177905049
0.5816216952276895
0.573861244165754
0.5787661850593531
0.5764583802315173
0.5740366406509256
0.5335953775319262
0.5139300625083618
0.5646589522234478
0.5779195038572346
0.5592111532433015
0.564735789291041
0.5728944225707938
0.5662178901053889
0.5758300551536717
0.5751818378539076
0.5335011671216385
0.5450558185659221
0.5915125555713843
0.5824129186103713
0.5843856589542022
0.5792379730054076
0.5789885813868956
0.5775331459587383
0.5742659084714676
0.559387404835235
0.5687257043983769
0.576893231865466
0.5115976890668759
0.4909850891054972
0.4389799750180051
0.4147479627233186
0.5028071639884932
0.46425038876213387
0.48404618105542474
0.5169852385551511
0.5067420672157572
0.5873898608864062
0.5586878919798721
0.6085338608121257
0.567202736730646
0.544671500561231
0.6000314585761968
0.5806927968191913
0.5692849213509418
0.4861448842695484
0.5466637802321106
0.5573305444266973
0.5548590267979311
0.47032261852193413
0.4413353949649744
0.620241883685037
0.42362914431125404
0.6500309246119731
0.6978680899338543
0.5872322641521841
0.6051130494914179
0.5222143401438732
0.5128157699765334
0.6195993497349994
0.5838728250271356
0.5909035711942281
0.4905761187383586
0.4766593480388105
0.53549015976929
0.49144782469540144
0.5082366979844228
0.5354797274961013
0.5803902595004954
0.5702489092689347
0.5960521225302726
0.2854274658631577
0.624698246384142
0.5564683919325996
0.5359540365147162
0.5647842836059992
0.5496697507171497
0.6390179390569865
0.6875176381745356
0.6109647114849737
0.6033115422256573
0.5855043376603707
0.5591428573018318
0.611753374443509
