0.17111673791435145
0.1543386194924808
0.18608715689554445
0.23293177069737703
0.23363314587520073
0.14749542914557057
0.22187150089212868
0.26479485347824017
0.29977226162080167
0.2400305062358504
0.24661550160998477
0.26179849852145065
0.25170888455791407
0.19469685800336062
0.2908158014246593
0.2600593274353268
0.2056417480002731
0.2122178124409977
0.22257349665658172
0.27481017197939134
0.25490856661340744
0.29193568423761956
0.29339215910267724
0.23512266547109553
0.2565387676918149
0.34696900331084557
0.2948119753195252
0.307824957097977
0.3152873278153302
0.29017332842050425
0.2727352548972945
0.3057326678866116
0.3583544900492492
0.29629992224246227
0.3323801028008124
0.31116187497937353
0.3661888993691558
0.25391972106707295
0.19776735231740672
0.18001173845325527
0.24841352314262485
0.20023408859283745
0.2101180084102193
0.20774739158479116
0.2481074001100994
0.26203735204265
0.2760671708632335
0.3409014630187813
0.28675710057314274
0.23686553954530667
0.2843628654166259
0.2753756712571166
0.19866058956448454
0.25932290236091987
0.17462347558791042
0.15047821864206967
0.15957359554582495
0.2510392086389397
0.288562443778389
0.3047892233543406
0.3198209531513215
0.32618745027222407
0.3984267274237499
0.40805835485131253
0.37441880316893295
0.37216572807072956
0.3099521583861023
0.3252817732404703
0.3439285227530343
0.36308305629884935
0.31394883377205274
0.27325694139064066
0.2786343823368179
0.22295040610650677
0.28287025817536815
0.22889514717763385
0.2273192525770112
0.18561636679383017
0.27104028603626157
0.2685991951316986
0.3134890235146536
0.22195509812050282
0.25307325180583323
0.3181727955083818
0.2452158568293111
0.3032322081910998
0.30779248993985037
0.26938021701859344
0.26531898844587776
0.2649800364652939
0.32136671591798704
0.30259772812560254
0.3218345562003081
0.20292914410988358
0.24485830664408087
0.2805132461927339
0.18481847263210696
0.28267492636274016
0.26011633163715936
0.2523561235963016
