0.07114269141741089
0.1388473703414275
0.08289482433449032
0.09198214841390942
0.12486516580770515
0.17988181802188294
0.16835279991348406
0.11874099170349287
0.17199258381693355
0.19495788139354725
0.26335633608809605
0.3431505814402519
0.3000396841470333
0.22350902446926288
0.23286826468604377
0.29451080695205817
0.23662148332952598
0.18325612231346983
0.1697468143575756
0.1784562069975361
0.243174513795788
0.19256186373378537
0.1607159616449239
0.1970221196683744
0.27035272706592306
0.259694180094885
0.3455980573673327
0.33712652074733485
0.3085592047730052
0.2939799796773322
0.32962965539487576
0.29501521354449
0.4366686036853912
0.3049615506221221
0.34809513657143915
0.29762654014316614
0.4281969787618788
0.33706332368038433
0.3240848778124479
0.27717374105498194
0.3254223331022803
0.2858770611321155
0.2988200475130803
0.41511943903213044
0.379232653315723
0.3543215757805349
0.4325914768080885
0.39030459818598995
0.4870423742714037
0.544161378828906
0.3361972174952473
0.324346993317002
0.4281048348991951
0.4119035925453548
0.3863663778689085
0.3710157478134916
0.48366431390028497
0.36821233613333826
0.4023914112296231
0.37038761741082127
0.4851121790366265
0.37669831394640035
0.43122395517358436
0.35413503484872266
0.4773338143664141
0.4839501375732301
0.41140897096694956
0.48336216927034864
0.40838350662993134
0.38262482968672096
0.3744466859365745
0.40226656936619803
0.368346521798372
0.37975324064124455
0.35984845715743574
0.3856457992779953
0.46390326799805487
0.473947112849598
0.4614946830717434
0.42372749248959674
0.48060373226579933
0.5450559399869437
0.4576087494457326
0.37522044846988295
0.410219206574549
0.5147529076053311
0.3975982300940533
0.3791193786261308
0.4799015854525866
0.3631286112877916
0.40275793791103504
0.34144644871877305
0.3542520339191048
0.322667596234676
0.3144562260541142
0.3075985394224955
0.33074460576168047
0.24453012137153554
0.2828426377053677
0.3063870667528776
