0.2513270673900603
0.19905568360024126
0.19095643169249538
0.18078698617379915
0.18993421926936938
0.25783191549715734
0.2575819956121656
0.3111525436476233
0.2947450696213232
0.29310628097456365
0.33398679332610887
0.3140198139227876
0.3380707617789755
0.30870666674110403
0.3425926113826169
0.3316090493401948
0.30843203343404546
0.34069761136139054
0.29900292836219033
0.33457970283931426
0.38853041721030973
0.3932941242345492
0.39966428578659163
0.34922948347146104
0.2946978935790988
0.3340116168571506
0.34910695557153704
0.37176584097068843
0.320793206731408
0.2977786164455495
0.2734243453517674
