0.31408850577438013
0.3064457821311336
0.26888284570179427
0.30790936209829056
0.3326082463750154
0.29290253418415185
0.28454867719820454
0.3054153161556282
0.3569571632709845
0.32090427705448676
0.34501643769952645
0.3131563723663217
0.33874546679344963
0.38127089915812523
0.37497600971977707
0.36218263811014706
0.39352417506226345
0.41919875070951
0.39346005131594064
0.3541522041757802
0.3575224242251137
0.358052339835743
0.3521886196558547
0.3560548467526015
0.35147535175324107
0.38199214114900226
0.4080054218191437
0.43488179668048305
0.39383989156534605
0.4419235746990012
0.4454593041552252
0.4251720436007078
0.39183028322238733
0.37837226493043136
0.5009834714692005
0.5429825746454991
0.5277183721044274
0.5151452296728294
0.5641809005495337
0.48811311059646945
0.5928266306180314
0.5358824023395948
0.5342937079373276
0.47710947594569025
0.5477322350144302
0.5337320828334022
0.5025077489919225
0.4754990718340311
0.5333039980331999
0.4967582857639541
0.5258863629517851
0.49011620454507154
0.540215954763495
0.5534917553648501
0.5931164801921873
0.6790687941107184
0.5959569641278698
0.5829903101952303
0.5801091094570612
0.6035132804740513
0.6033888318164969
0.6546519483101978
0.6147490954082715
0.66424642363069
0.6681050819900237
0.6356406806220889
0.5464702650870544
0.5683370697047537
0.5331252275099558
0.5073457290969492
0.5533097826708462
0.4641416354279909
0.3341619117262744
0.44911490469745274
0.4745069748196782
0.5123521606307933
0.48462853586007615
0.4532670666430215
0.40020523290863536
0.4098690724974599
0.4828064221545609
0.6588572286976451
0.6493210232957646
0.6244981973870227
0.6178498073403291
0.6213772753240996
0.6382955364027947
0.5944813088776908
0.5738520622838303
0.5624109003333932
0.5692418343856959
0.5350591718241641
0.5024094840264401
0.4835253815761343
0.5008176348452338
0.5180027917489093
0.4353870266184967
0.48358135077935255
0.48324690845726737
0.3712299332728232
