0.34721802698451343
0.350536831071051
0.369779409024635
0.409936087896117
0.3698851648122186
0.37002598400322306
0.42138516111373703
0.3686060666646047
0.3747704578283129
0.39974588508695313
0.3963539451504944
0.4354500568766178
0.4219361476004515
0.4643046899724954
0.4562263439189428
0.4307548433907501
0.39340506220593746
0.41576239658276215
0.4315021072286747
0.4519879191826178
0.4783464380721515
0.3998111702982309
0.4549958898531332
0.4318108942357138
0.4622525172200936
0.4160901342279745
0.4117731242199543
0.4068449437146657
0.3640154551870007
0.383804418450219
0.24242759495517388
0.2859272647948797
0.310406483712165
0.3499484152998694
0.3668949685837072
0.36318681622330107
0.37536025437653653
0.4356982594585406
0.3905585996826981
0.42020424880325125
0.4461921481159251
0.38532428141477026
0.40696830644467274
0.40390413141656384
