0.34021279795521775
0.3277769719216804
0.3427648545873908
0.3801992528563099
0.38655477472708055
0.4134953994082381
0.41509836160729785
0.39159691265441815
0.43831179187474784
0.49036368073165837
0.505855354443149
0.48137564318947235
0.49440313349390275
0.4903806625042181
0.47058302305871635
0.46398503095299654
0.48679768522900185
0.4446970491854058
0.4658801306768018
0.44975010382303743
0.4516489665445146
0.4524332633034359
0.44635922453467014
0.44492068298576337
0.46549796114049524
0.4418123375328686
0.4599113616664715
0.5234888512605533
0.5178815298387184
0.5894860890561969
0.5197878417694468
0.5482107012976181
0.5277559880014706
0.5082241959534329
0.5137556606307438
0.47000806891722313
0.49074756830520866
0.4161823980262245
0.42175857378257026
0.4582933761963789
0.41117064437306705
0.39117631785575896
0.3945288692178955
0.3761406215659687
0.32570487320356345
0.3339759908773147
0.35235329239510815
0.43003673580864143
0.5331186898476141
0.5108527418952572
0.6214311023990604
0.5874559879512937
0.5156257982461432
0.5023992507896559
0.5974541137932183
0.5475353652264681
0.48682608134343364
0.5237585843431949
0.5161401863007377
0.5080816103189819
0.4908385278435393
0.5444860906492431
0.5394780566848841
0.5068203452975636
0.48294407240194853
0.4815406202768576
0.4310718550639189
0.549928808846316
0.5504934531493395
0.5086080146393861
0.47876095702191074
0.45929632268954307
0.556492713719414
