0.1443069014764954
0.17606600506159603
0.23331685943154037
0.25411514917670175
0.21354930294338584
0.2577644421674977
0.37493273276403505
0.36397500028902346
0.34618460059979883
0.2688343933559476
0.33654861267890224
0.4071743987757316
0.3964969170395256
0.39919347910613423
0.3455894333948465
0.40721642260820917
0.3237205944397947
0.3429696662594511
0.30705366691305386
0.36473436445967444
0.3949977200717525
0.3533567632533477
0.37379032339633667
0.4350051014251005
0.41718995636451306
0.35281645146530216
0.3598897371751336
0.3338505632584027
0.28422652550790994
0.4345956782693019
0.3435281139448466
0.40030912598379603
