0.24774753755147333
0.19952786753146698
0.31135218149577215
0.2373920622958578
0.2829307041039749
0.3272976637231432
0.3984650980603571
0.38504835707918367
0.38438627862706687
0.3780680686523155
0.3414062973141481
0.3726554405110732
0.318872481490082
0.2887814809769206
0.31105296881611555
0.35739932871708746
0.29429225733726116
0.3415068040606811
0.3394248396400168
0.3307155177035751
0.36147172432993807
0.3699101553735803
0.35906854100969177
0.3579948692740212
0.34455192077927477
0.3290345197062962
0.3489875118935213
0.41513863369633625
0.3741825616827274
0.3457440485331776
0.34409728531567535
0.35207299529133834
0.40421821826943605
0.3992461543334963
0.4362885711060259
0.3940198266205696
0.36970331645035626
0.37018308675636846
0.41156502625237595
0.39419584620519255
0.38982093088861236
0.37823529440461434
0.3619690006302983
0.3913659299334219
0.35297064024396685
0.34554225343374767
0.2974626816503453
0.30904243831804734
0.2650939798697138
0.35104824176996874
0.32174919081287706
0.33771496707798454
0.4098221732467808
0.4804331487260741
0.502330153759077
0.48978292606691987
0.46194758253238827
0.4466466069576175
0.4136217943425754
0.3727275405384696
0.33190537130949876
0.3621688219014613
0.4138163501495896
0.437519851568441
0.4531844899377317
0.5045196906869786
0.5191284553136615
0.49501657656663156
0.4851566243202356
0.4598645083788059
0.462237236507361
0.4603959445133105
0.45886883749061874
0.4557621510011212
0.48375045866276567
0.387789650846125
0.39061686836837234
0.36503005651137027
0.39050830506540946
0.4059325656868353
0.3574056687687387
0.34955953953039126
0.39951330766034
0.4772519092783104
0.4247387306152299
0.41550575265114853
0.41615301103607605
0.36119565327595193
0.30036912338819594
0.35285874137023865
0.3269064542608643
0.33534019668095844
0.28984374312088373
0.31429083284709286
0.29863741916888475
0.33475007577721577
0.2956505256889049
0.279952194783398
0.2773316868602463
0.29012494022536917
