0.4098366482499552
0.44664666330315417
0.4245104963631515
0.44655521140089893
0.5518386307354378
0.49726891255518985
0.570802497047748
0.5916195547377796
0.6195769909646012
0.5904972081103848
0.5730881210637356
0.507923927914806
0.5165157234556145
0.5107824204061835
0.5049786161613147
0.5087257163937315
0.5060097359159057
0.6086863426778291
0.6068868575924877
0.5563987355425672
0.5585472192540318
0.5276460284547273
0.5980245814915882
0.5092003050546196
0.5564141165141052
0.5481514129324571
0.5191237781484654
0.5782684407880814
0.6398767074127266
0.6366986289539931
0.6476733079067576
0.6372396137388125
0.6092101237010643
0.6262642434320197
0.62771468274884
0.636423788095676
0.6038871410349986
0.6009141281874967
0.6086785407402105
0.6450962803935519
0.6081197694110277
0.6573047607086908
0.6545808071952611
0.6653119669254639
0.6424312421045153
0.6678698589741938
0.6523803167011079
0.6636235145663234
0.6880990390592874
0.6233418087025572
0.6088464641228097
0.6112327590200508
0.5846559895859521
0.5724229661552466
0.616909462660976
0.5913311727584485
0.6006238374557269
0.5944488691995267
0.5984086125817941
0.5686872486918921
0.6073652301632885
0.5635398616526863
0.5597519147208644
0.5658086658943673
0.5217295158049281
0.5132585759833607
0.5235293162685533
0.5235053023998765
0.5577028810482291
0.6607247217869407
0.6091906013668066
0.6398727698774488
0.612734838298829
0.5348750789788785
0.5738535176391215
0.608932469543859
0.61135309937949
0.567329812497627
0.5613633576138445
0.5123182086488494
0.6293349036775351
0.6302038457245291
0.6079061366993809
0.6474708827133487
0.6495498984657385
0.6891633782592466
0.6673562782869823
0.666929931609481
0.6752033897406312
0.6333972487606155
0.5868889059997004
0.5657989982499403
0.5805818701804687
0.6275186831552771
0.5787261875709472
0.5712771230490427
0.6154319153974186
0.6167875507999412
0.6067256530665731
0.6191044592857242
