0.09014047775435427
0.12208029264898076
0.1691873220628361
0.15898613191184663
0.22917436277204
0.18893796748339936
0.17251799073857263
0.23741989213877895
0.19166945958275095
0.2688157849076464
0.26441244998876523
0.25040963211744033
0.2628894954924949
0.25328923537396497
0.24980740598523044
0.2810697721835328
0.2547340458223132
0.23458870561607856
0.2294688821926103
0.2043651809727721
0.28781395088567663
0.30280483535592745
0.2884783784875399
0.26741980128275944
0.30304022353489896
0.2631115802233508
0.2569817423735654
0.26331244315067504
0.26440503619669753
0.2742052813362144
0.2697417889810543
0.27697066505944634
0.2739762146743872
0.26040083422078436
0.2528332473357531
0.2452230230595739
0.27340013762929144
0.2630252823066946
0.2776992287346182
0.2702199324712534
0.25430146349832067
0.2503505823266055
0.2963943207634606
0.32498915330467737
0.2929458878147504
0.34584487648724754
0.33444770315242084
0.3996000095872707
0.39010955413735476
0.39748996953802185
0.3707286924964722
0.4348300893900688
0.43339352485325067
0.39439085766029935
0.4104680002985039
0.4137970529006644
0.4716141412143324
0.4662016024332714
0.4288852987000876
0.43158713277824096
0.5079940491454575
0.5196602198206449
0.5406516034678688
0.5371126049765204
0.5174558217314634
0.49024832171478644
0.49903367734243637
0.5019908610505449
0.5807667339135695
0.5349952587618203
0.5471123985057631
0.5183477847578157
0.543963789457284
0.5445312471348746
0.5656680918431126
0.5449734531738276
0.583651207724987
0.5699848106606643
0.5531347192155842
0.5081711242086027
0.5266726151618026
0.5896995490680685
0.5757460419869557
0.5947065145608909
0.5727562186315553
0.5296471994744254
0.5125159042927334
0.5967844313438518
0.5781383133448825
0.5793741606713447
0.5791049724544471
0.5808465468619477
0.6454568803889816
0.5942945807812283
0.6298698364152945
0.5876695917300826
0.5664587294206641
0.5588370907532199
0.6554374297074039
0.6263161544253073
0.6761723122780106
0.7336893195385115
0.7194024074495422
0.6460348452255916
0.641957940477308
0.6558252146939427
0.6459086262640927
0.6359338384985956
0.6767157884564372
0.6108202274665027
0.6163816848975375
0.6061180778854295
0.6215410740915485
0.5906693965777771
0.5645288830314795
0.6018625656446365
0.6035880420214348
0.603903964841199
0.5724588373158064
0.6074763971768492
0.5991764087734989
0.5475206536529362
0.5520417559068864
0.5276617619502495
0.49573416597656844
0.5717883092108883
0.4261454218977382
0.48646589013215247
0.5686675023544453
0.554744565903923
0.5838212849352105
0.6114119528864258
0.577698349019766
0.5996316323198452
0.6083745839150422
0.6475467592428844
0.5874942774485998
0.6025944844747432
0.59225962046956
0.6071002986051296
0.6324249329091505
0.6222550855721313
0.6155323165128015
0.6321185208792028
0.6397719290381038
0.6595262801369743
0.7064429176935263
0.695799705237176
0.6214632012993565
0.5555799014649799
0.6132409158002963
0.6391519858098472
0.6339796242013543
0.6283216958829917
0.5885582694411126
0.5764935841569067
0.6372236681086759
0.6047101796652556
0.6033524528434955
0.5764537167858542
0.5688873896828508
0.5882991525834409
0.5892477457225954
0.588819116894306
0.5844834535708633
0.5854898350435793
0.5558979454897802
0.562621405343208
0.5871588382509916
0.5841469264448439
0.5779856807434384
0.5738506533096436
0.6334750299656534
0.6449349237723985
0.6611884678474147
0.6294293474480614
0.6408759343165759
0.6288161690029532
0.5995918420000772
0.6588884396743488
0.6691082309891827
0.6179577555866214
0.6322116224827785
0.6383051473683308
0.6130705918528616
0.6085060509461735
0.6070609455037936
0.615000229211719
0.564075664562542
0.5779928875247221
0.5918972801119944
0.61450347954052
0.5805826968495482
0.5938375431996293
0.6239923063296263
0.7115775752474527
0.6921569134869748
0.6879547960803136
0.6821079393789546
0.6690438837675386
