0.12529184976022437
0.0946629860558881
0.15767444254820934
0.1889382408430381
0.16149982736152543
0.16058117527467147
0.1831208299368339
0.15152296729484624
0.20354664497347325
0.2826808655849051
0.3898058188817405
0.3963558702990737
0.36119593150179274
0.4681049304830183
0.5279119523317142
0.5873861697259343
0.5969430269572432
0.5256999082807997
0.49310432549166067
0.49413855160417686
0.527992157323847
0.42681907780443096
0.4743936003360051
0.39535396853667776
0.3875453395121088
0.41061439098174757
0.4251423829708168
0.4169793138993656
0.4677027717709528
0.45672180588228733
0.4729551616669608
0.4084724151574341
0.49733692666870005
0.5198597467045551
0.5414636057069374
0.6077235573077701
0.6483662167975098
0.6219411273256391
0.5502031442742747
0.5694388290316243
0.555659684346986
0.5456834841643144
0.5126703214963869
0.5136474494297569
0.4545281800267766
0.4805029498571984
0.31325359672949527
0.42274797519914953
0.4532651134880483
0.44467173998593507
0.40555925635876316
0.41347400611651863
0.5653456028977186
0.5079736547016122
0.6044859631959051
0.5191527763476259
0.5169443521518966
0.5547085974812858
0.5310592274756514
0.41303335739618074
0.4994028086017187
0.3866240653545623
0.48036526891916137
0.4800836568486225
0.5052483457548155
0.4940763932673097
0.4146594377028672
0.4661495418140965
0.5199681707702433
0.44269331976721615
0.4532460336325312
0.5228137438818569
0.5306425147882836
0.5178244384100726
0.45946839121428573
0.4621096372766039
0.4192715630706213
0.4149608958763274
0.3904402948848168
0.44406620106246797
0.4323847302128119
0.4196590561271207
0.3671031043982757
0.3754824976456758
0.43878752797431303
0.44376005034047905
0.42986139488645525
0.4830475276746407
0.4739210217194277
0.6111378084685603
0.6417504420528136
0.6330591021480693
0.5232608379072609
0.4534617991854783
0.5042474620146425
0.5972744299069245
0.5626529769425881
0.6076477939499837
0.6173676904252339
0.5845017942180323
