0.177353485045947
0.19764760980893223
0.1808053482844262
0.24416276080369664
0.23093695960557326
0.24001477954328898
0.23093695960557326
0.24001477954328898
0.2732554222605056
0.2888865873292566
0.38517064737701645
0.38296296954960063
0.3551952872284404
0.37931469277564017
0.3643395024372874
0.37703886435520206
0.3643395024372874
0.37703886435520206
0.31534468883751426
0.2948063593769068
0.30277516397640886
0.27457643119366665
0.314395991345965
0.31743695501256075
0.32455376626801324
0.31743695501256075
0.32455376626801324
0.31042821949260035
0.34631068410739746
0.35731097499469594
0.3412490416072147
0.33726210072678914
0.3181586575994155
0.3637629081091431
0.34946623582270475
0.36858588917153
0.3556188719624308
0.311149685792339
0.3631369169000548
0.3486693902891289
0.3264168538455754
0.3805430289752401
