0.3037960788206343
0.30977598869977696
0.36659272082179967
0.3185172646357298
0.3511908209331848
0.3407209164993734
0.3769343349976092
0.3877726338245489
0.42296910697821943
0.44424808512284086
0.4035423514636908
0.3955132015005386
0.4388921959909757
0.4186942493000888
0.4016556209364904
0.4176105285605562
0.4307094922770026
0.41863667658648673
0.46882522878626165
0.44341414657441225
0.4307094922770026
0.41863667658648673
0.46882522878626165
0.44341414657441225
0.4307094922770026
0.41863667658648673
0.46882522878626165
0.44341414657441225
0.4307094922770026
0.41863667658648673
0.46882522878626165
0.44341414657441225
0.4307094922770026
0.41863667658648673
0.46882522878626165
0.44341414657441225
0.4307094922770026
0.41863667658648673
0.46882522878626165
0.44341414657441225
0.4307094922770026
0.41863667658648673
0.46882522878626165
0.44341414657441225
0.4307094922770026
0.41863667658648673
0.46882522878626165
0.44341414657441225
0.4307094922770026
0.41863667658648673
0.46882522878626165
0.44341414657441225
0.4307094922770026
0.41863667658648673
0.46882522878626165
0.44341414657441225
0.4307094922770026
0.41863667658648673
0.46882522878626165
0.44341414657441225
0.4307094922770026
0.41863667658648673
0.46882522878626165
0.44341414657441225
0.4307094922770026
0.41863667658648673
0.46882522878626165
0.44341414657441225
0.4307094922770026
0.41863667658648673
0.46882522878626165
0.44341414657441225
0.4307094922770026
0.41863667658648673
0.46882522878626165
0.44341414657441225
0.4307094922770026
0.41863667658648673
0.46882522878626165
0.44341414657441225
0.4307094922770026
0.41863667658648673
0.46882522878626165
0.44341414657441225
0.4307094922770026
0.41863667658648673
0.46882522878626165
0.44341414657441225
0.4307094922770026
0.41863667658648673
0.46882522878626165
0.44341414657441225
0.4307094922770026
0.41863667658648673
0.46882522878626165
0.44341414657441225
0.4307094922770026
0.41863667658648673
0.46882522878626165
0.44341414657441225
