0.20961392128209705
0.22915368846487233
0.18182754571283283
0.21383731188408261
0.2518746697466253
0.25562609172334205
0.2771700122475738
0.28593578388809293
0.32765102640483107
0.3233843622282608
0.3591761977385486
0.3831248225733769
0.4461694612889084
0.4458476110595254
0.4410407217787486
0.4537885717004005
0.45498885251737614
0.4418820866206663
0.4174452763266873
0.4462982796849392
0.4174452763266873
0.4462982796849392
0.4179508231849711
0.43704467880618314
0.4281015512100052
0.4229142831038432
0.43160023407578124
0.4229142831038432
0.43160023407578124
0.37632326423151874
0.3621128986188784
0.37189366175821303
0.36812753720022673
0.355377713825094
0.38095949990297956
0.355377713825094
0.38095949990297956
0.48257485248562804
0.47478223571741396
0.5435028723727922
0.48864322750283556
0.5346366098150854
0.47231723046271606
0.48529981699819824
0.5103971221437509
0.5025927493079865
0.5162982103478344
0.5496000604066279
0.4765900380559639
0.5001112855272128
0.5358129538512842
0.5065786275519291
0.53971417537317
0.5444975597245999
0.5248550092929699
0.5286434081170643
0.4515223118997689
0.502931872040624
0.4515223118997689
0.502931872040624
